1 0 7.0
22 1 9.6
2 0 12.8
53 2 12.8
23 1 15.6
3 0 20.3
24 1 21.3
52 2 21.8
4 0 27.6
25 1 28.1
51 2 30.0
5 0 34.7
26 1 35.0
50 2 38.9
6 0 41.5
27 1 41.9
7 0 47.4
49 2 47.6
46 1 51.2
8 0 53.0
48 2 56.0
47 1 58.0
9 0 59.5
48 1 63.7
10 0 64.4
59 2 69.5
11 0 69.9
60 1 70.3
13 0 75.7
58 1 76.7
45 2 79.3
12 0 84.7
45 1 87.4
57 2 93.4
29 1 96.3
56 2 101.3
36 0 101.7
28 1 102.6
35 0 107.8
55 2 111.0
34 0 114.1
21 1 118.1
42 0 122.3
75 2 123.5
20 1 125.4
41 0 128.4
19 1 132.0
73 2 132.5
40 0 133.1
18 1 138.3
39 0 138.7
74 2 140.7
66 0 146.7
63 2 148.4
65 0 152.7
62 2 157.5
64 0 158.3
