1 0 4.0
22 1 5.4
53 2 7.5
2 0 9.8
23 1 11.3
52 2 16.5
69 0 17.0
24 1 17.0
70 0 23.0
25 1 23.8
54 2 26.5
71 0 29.0
26 1 30.7
72 0 35.1
77 2 36.1
27 1 37.5
46 1 44.1
76 2 45.6
74 0 45.9
63 0 50.7
47 1 50.8
72 2 53.2
48 1 56.5
64 0 56.8
65 0 62.4
60 1 63.6
66 0 68.4
58 1 69.8
3 2 72.9
39 0 74.7
59 1 76.3
40 0 80.3
4 2 82.8
45 1 83.5
41 0 85.3
5 2 92.5
57 1 97.9
6 2 101.9
56 1 103.6
17 0 104.3
15 0 110.5
7 2 110.7
55 1 110.7
14 0 116.5
8 2 119.3
71 1 127.3
16 0 128.3
9 2 128.8
70 1 133.7
10 2 136.4
69 1 140.1
11 2 144.9
2 1 147.0
35 0 148.8
13 2 153.9
36 0 155.0
76 1 161.8
8 0 162.6
12 2 165.2
77 1 168.3
54 1 175.4
52 1 182.9
43 0 186.5
51 1 188.6
33 2 190.2
50 1 195.5
31 2 199.6
38 0 199.8
49 1 201.8
