29 0 4.3
28 0 9.7
27 0 15.3
30 0 25.7
31 0 31.6
32 0 37.9
33 0 48.0
34 0 54.6
18 0 62.4
17 0 69.0
15 0 75.1
14 0 81.1
16 0 90.8
19 0 105.9
20 0 112.2
21 0 119.1
24 0 125.0
23 0 131.1
22 0 136.5
25 0 146.5
26 0 153.3
46 0 162.9
47 0 169.4
48 0 174.5
49 0 180.7
50 0 186.3
51 0 192.5
52 0 198.0
53 0 204.1
54 0 215.5
77 0 222.5
76 0 229.1
72 0 234.5
71 0 241.0
70 0 246.6
69 0 252.4
2 0 259.0
1 0 266.0
3 0 276.8
4 0 283.9
5 0 291.1
6 0 297.8
7 0 303.9
8 0 309.8
9 0 316.4
10 0 321.2
11 0 326.6
13 0 332.6
12 0 342.2
36 0 359.3
35 0 365.4
42 0 376.8
41 0 382.8
43 0 390.5
40 0 400.9
39 0 406.4
38 0 410.7
37 0 417.0
66 0 427.6
65 0 433.8
64 0 439.2
68 0 446.0
67 0 451.8
63 0 463.2
62 0 470.0
61 0 475.6
74 0 487.1
73 0 492.3
75 0 504.7
56 0 511.6
55 0 517.9
57 0 528.3
58 0 533.2
60 0 539.6
59 0 554.7
45 0 561.8
