34 0 4.8
73 1 5.8
12 2 8.2
18 0 12.3
74 1 15.7
11 2 17.0
17 0 18.9
63 1 21.1
15 0 25.1
10 2 25.3
62 1 27.6
9 2 33.2
61 1 33.9
16 0 34.1
64 1 44.6
68 1 50.3
7 2 54.1
42 0 54.7
67 1 56.9
41 0 60.8
6 2 62.8
40 0 65.7
65 1 67.2
39 0 71.2
5 2 72.2
66 1 73.4
38 0 77.1
4 2 82.0
37 0 83.4
75 1 86.8
3 2 91.9
56 1 93.3
55 1 100.7
2 2 101.8
57 1 109.7
32 0 110.6
1 2 111.0
58 1 115.5
30 0 120.1
60 1 122.2
69 2 123.2
29 0 125.4
48 1 128.9
70 2 132.0
28 0 132.7
49 1 134.7
27 0 138.1
71 2 140.7
50 1 141.1
72 2 149.8
52 1 150.2
21 0 153.8
76 2 158.4
20 0 160.9
19 0 167.0
77 2 167.2
59 1 167.7
45 1 174.8
