1 0 10.6
22 1 13.0
53 2 16.3
23 1 19.0
3 0 20.6
4 0 27.9
54 2 28.8
20 1 29.5
5 0 35.0
19 1 36.2
77 2 38.5
7 0 44.0
17 1 45.3
76 2 47.7
8 0 49.9
15 1 51.5
9 0 56.4
71 2 58.4
10 0 61.2
11 0 66.6
70 2 66.9
69 2 75.6
16 1 75.9
36 0 83.0
1 2 88.1
35 0 89.2
30 1 97.2
33 0 98.8
3 2 100.4
28 1 105.4
4 2 110.4
26 1 113.7
44 0 116.0
5 2 119.9
25 1 120.6
7 2 131.4
49 0 136.2
46 1 136.7
8 2 140.1
50 0 142.1
47 1 143.4
51 0 148.2
9 2 149.7
60 1 151.4
53 0 156.2
10 2 157.0
58 1 157.8
57 1 164.1
11 2 165.5
54 0 167.4
56 1 169.7
77 0 174.3
13 2 174.9
55 1 177.0
76 0 181.1
12 2 186.0
71 0 189.1
45 1 192.3
70 0 194.9
69 0 200.6
36 2 203.8
32 1 204.9
35 2 212.3
74 0 224.5
14 1 230.9
66 2 234.6
75 0 235.4
65 2 243.3
42 1 248.7
64 2 251.9
41 1 255.2
62 2 263.0
61 2 271.6
67 1 272.6
40 0 275.5
68 1 279.4
39 0 280.9
38 0 285.0
37 0 291.2
68 2 292.7
63 1 297.4
61 1 305.4
43 2 314.0
74 1 316.0
17 0 317.1
73 1 321.2
15 0 323.2
76 1 329.2
77 1 335.8
54 1 342.9
43 0 349.6
52 1 350.2
53 1 358.0
51 1 366.2
50 1 372.4
66 0 372.6
