1 0 3.7
2 0 9.5
69 0 16.6
70 0 22.7
71 0 28.5
72 0 34.9
73 0 41.4
75 0 47.8
56 0 53.9
55 0 61.1
57 0 70.3
58 0 75.7
60 0 81.7
48 0 87.9
59 0 99.8
45 0 106.8
44 0 113.1
29 0 121.2
28 0 127.1
27 0 132.9
46 0 138.5
47 0 145.0
49 0 152.4
50 0 158.4
51 0 164.7
52 0 169.7
53 0 176.3
54 0 187.1
77 0 194.0
76 0 200.5
74 0 210.3
63 0 215.0
62 0 220.4
61 0 226.7
64 0 238.1
68 0 243.8
67 0 249.7
65 0 260.5
66 0 266.3
39 0 272.7
38 0 278.0
37 0 283.6
40 0 292.8
41 0 298.0
43 0 304.8
42 0 315.9
34 0 322.7
33 0 329.5
31 0 336.1
32 0 342.7
30 0 352.0
26 0 365.8
25 0 372.1
24 0 378.8
23 0 383.6
22 0 389.5
21 0 399.8
20 0 406.7
19 0 412.8
18 0 418.8
17 0 425.5
15 0 431.7
16 0 437.9
14 0 447.2
35 0 468.0
36 0 473.9
8 0 481.5
