1 0 7.6
22 1 9.9
53 2 13.2
2 0 13.2
23 1 15.9
3 0 20.9
24 1 21.4
52 2 22.3
4 0 28.1
25 1 28.4
51 2 30.5
26 1 35.2
5 0 35.3
50 2 39.4
6 0 41.9
27 1 42.1
7 0 47.9
49 2 47.9
28 1 48.3
8 0 53.5
29 1 54.7
48 2 56.5
9 0 60.1
45 1 61.4
10 0 64.9
60 2 65.9
11 0 70.4
58 2 74.7
13 0 76.3
57 2 83.6
30 1 83.8
12 0 85.5
31 1 89.4
56 2 91.6
33 1 96.9
55 2 100.8
36 0 102.3
34 1 103.4
35 0 108.4
75 2 113.5
34 0 118.6
73 2 122.5
17 1 123.7
18 0 125.0
15 1 130.2
19 0 130.6
74 2 130.7
16 1 136.9
20 0 136.9
63 2 138.4
21 0 143.9
62 2 147.3
24 0 149.8
61 2 156.0
59 1 165.1
58 1 171.0
42 0 174.5
41 0 180.4
64 2 182.2
72 1 187.8
43 0 187.9
68 2 190.7
71 1 194.6
40 0 197.7
67 2 199.7
70 1 200.9
39 0 203.1
69 1 207.2
38 0 207.5
65 2 212.5
37 0 213.7
2 1 214.2
66 2 221.2
39 2 230.3
60 1 239.3
48 1 246.1
66 0 246.7
76 2 252.2
47 1 252.3
65 0 252.8
64 0 258.4
46 1 259.0
77 2 261.4
62 0 266.8
54 2 271.0
61 0 272.7
32 1 274.5
