1 0 14.3
69 0 24.1
22 1 25.0
53 2 28.8
70 0 29.9
23 1 31.1
71 0 35.9
51 2 39.8
20 1 41.5
72 0 42.1
19 1 48.0
50 2 48.2
76 0 54.1
49 2 57.1
17 1 57.4
77 0 59.9
15 1 63.5
48 2 65.4
54 0 66.5
16 1 70.4
52 0 73.9
46 2 76.1
53 0 81.7
28 2 88.3
51 0 90.6
34 1 91.4
50 0 97.1
42 1 99.4
49 0 102.9
26 2 103.7
41 1 105.8
48 0 108.2
25 2 112.5
43 1 113.4
60 0 114.6
58 0 120.8
40 1 123.7
22 2 125.9
57 0 126.6
39 1 129.6
56 0 131.8
23 2 135.1
38 1 136.3
55 0 139.2
37 1 141.9
20 2 148.0
75 0 149.7
66 1 152.3
19 2 157.1
74 0 158.3
65 1 158.6
64 1 164.6
17 2 168.8
15 2 177.6
16 2 186.9
14 2 198.3
54 0 1188.3
63 1 1189.7
35 2 1193.2
77 0 1195.3
62 1 1196.3
76 0 1201.8
61 1 1202.4
36 2 1204.2
71 0 1210.0
70 0 1215.7
9 2 1217.0
69 0 1221.6
10 2 1224.5
11 2 1233.2
12 2 1242.3
13 2 1253.6
7 2 1270.0
5 2 1281.6
