34 0 4.1
35 0 10.2
36 0 16.0
8 0 23.6
9 0 29.5
10 0 34.8
11 0 40.3
12 0 46.6
13 0 55.0
7 0 70.5
6 0 76.5
5 0 83.2
4 0 90.0
3 0 97.6
2 0 104.8
1 0 111.1
69 0 121.3
70 0 127.4
71 0 133.3
72 0 139.4
73 0 146.0
74 0 151.6
62 0 158.2
61 0 164.2
63 0 173.1
64 0 178.9
68 0 184.7
67 0 190.6
65 0 201.4
66 0 207.3
39 0 213.5
38 0 218.8
37 0 224.4
40 0 233.8
41 0 239.0
43 0 245.7
42 0 256.9
18 0 268.6
17 0 275.5
15 0 281.7
16 0 287.8
14 0 297.1
19 0 312.2
20 0 318.6
21 0 325.5
24 0 331.3
23 0 337.4
22 0 342.6
25 0 353.1
26 0 359.2
27 0 366.1
28 0 372.0
29 0 377.7
46 0 388.8
47 0 394.9
48 0 400.0
49 0 406.4
50 0 412.0
51 0 417.9
52 0 422.9
53 0 429.9
54 0 441.0
77 0 447.8
76 0 454.7
75 0 465.9
56 0 472.1
55 0 479.2
57 0 488.5
58 0 494.1
60 0 500.4
59 0 515.6
45 0 522.5
