1 0 10.2
53 2 11.6
22 1 13.7
2 0 15.9
23 1 19.6
52 2 20.5
3 0 23.5
24 1 25.2
51 2 28.7
4 0 30.7
25 1 32.1
50 2 37.6
5 0 37.9
26 1 38.9
6 0 44.6
27 1 45.7
49 2 46.4
7 0 50.4
28 1 52.3
48 2 54.8
8 0 56.2
29 1 58.5
9 0 62.8
60 2 64.1
10 0 67.6
46 1 68.8
58 2 72.9
11 0 73.1
47 1 75.2
13 0 79.0
48 1 80.9
59 2 81.9
12 0 87.9
60 1 88.1
45 2 91.3
58 1 94.3
44 2 100.3
59 1 100.7
36 0 104.9
45 1 108.3
35 0 110.9
29 2 111.2
34 0 117.3
42 0 125.3
41 0 131.4
56 1 133.5
33 2 137.1
43 0 138.9
55 1 140.3
34 2 145.8
40 0 149.0
75 1 150.3
39 0 154.2
18 2 156.4
73 1 156.9
38 0 158.5
74 1 163.0
37 0 164.6
19 2 165.8
63 1 168.4
20 2 174.3
66 0 175.0
72 1 177.8
65 0 181.1
21 2 183.8
77 1 185.4
64 0 186.8
68 0 192.2
54 1 192.6
24 2 192.6
67 0 198.4
52 1 200.0
63 0 209.2
17 2 212.3
76 1 213.0
62 0 215.2
61 0 220.9
15 2 221.3
70 1 222.8
69 1 229.1
16 2 230.2
74 0 231.8
2 1 236.2
73 0 236.6
14 2 241.9
72 0 242.3
76 0 247.6
3 1 248.6
77 0 253.9
4 1 255.8
54 0 260.6
35 2 262.8
5 1 263.1
52 0 268.0
6 1 270.1
36 2 271.2
53 0 274.7
7 1 276.5
8 2 281.6
51 0 283.8
50 0 289.6
9 2 290.7
42 1 293.5
49 0 295.6
10 2 298.4
41 1 299.6
48 0 301.1
47 0 306.1
11 2 307.0
43 1 307.2
46 0 312.5
13 2 316.2
40 1 317.3
27 0 318.2
39 1 322.7
28 0 324.2
12 2 327.2
29 0 329.7
37 1 330.0
30 0 335.2
38 1 337.3
31 0 341.1
66 1 344.8
32 0 347.6
65 1 350.9
64 1 357.0
33 0 357.9
64 2 364.9
18 0 368.8
68 2 373.2
17 0 375.6
