1 0 24.2
22 1 28.7
2 0 29.9
53 2 33.9
23 1 34.7
69 0 37.1
24 1 40.3
52 2 43.0
70 0 43.1
21 1 47.1
71 0 48.9
51 2 51.3
20 1 54.1
72 0 55.3
50 2 60.0
19 1 60.6
73 0 61.7
18 1 67.1
74 0 67.1
49 2 68.8
63 0 72.4
17 1 75.1
48 2 77.2
62 0 77.4
15 1 81.0
61 0 83.4
60 2 86.6
16 1 88.0
64 0 95.1
58 2 95.2
14 1 96.8
68 0 100.7
67 0 106.7
47 2 108.6
34 1 112.0
46 2 117.4
65 0 117.5
33 1 118.6
66 0 123.3
31 1 125.3
27 2 126.0
39 0 129.4
32 1 132.1
38 0 134.7
37 0 140.4
30 1 145.3
26 2 145.9
40 0 149.8
29 1 151.1
41 0 154.8
25 2 155.1
28 1 157.8
43 0 161.7
27 1 163.6
24 2 164.5
42 0 172.8
45 1 174.0
34 0 179.6
44 1 188.4
57 2 191.8
32 0 194.5
59 1 197.5
56 2 199.8
58 1 203.5
75 2 209.4
47 1 214.0
73 2 218.5
46 1 220.5
9 0 221.2
10 0 226.1
72 2 227.6
11 0 231.6
76 2 235.8
7 0 244.3
77 2 244.9
6 0 250.3
54 2 254.5
5 0 256.8
4 0 264.0
13 1 266.3
3 0 271.2
12 1 275.3
71 2 277.5
