61 0 5.0
13 3 6.0
18 1 6.0
1 2 8.0
62 0 10.9
11 3 12.8
34 1 13.8
63 0 16.5
2 2 16.7
12 3 19.9
33 1 20.4
74 0 22.0
73 0 26.6
3 2 26.8
31 1 27.1
10 3 29.5
72 0 32.1
32 1 34.0
9 3 35.6
4 2 36.7
75 0 41.8
8 3 42.7
30 1 43.4
5 2 46.4
56 0 48.2
29 1 49.3
36 3 51.7
55 0 55.1
6 2 55.7
28 1 55.8
35 3 58.9
27 1 61.8
57 0 64.3
7 2 64.5
34 3 66.3
46 1 68.5
58 0 69.7
8 2 73.1
42 3 74.7
47 1 74.9
60 0 75.8
48 1 80.8
41 3 81.7
9 2 82.5
49 1 87.1
10 2 90.3
43 3 90.4
50 1 93.5
53 0 96.6
11 2 98.7
51 1 100.3
40 3 101.4
13 2 107.7
54 0 107.7
39 3 107.8
38 3 113.8
77 0 114.6
12 2 119.0
26 1 120.5
37 3 121.0
76 0 121.3
25 1 127.4
66 3 132.7
24 1 134.2
36 2 136.7
65 3 138.2
21 1 140.9
71 0 142.5
68 3 145.6
35 2 145.6
20 1 148.2
70 0 148.5
64 3 152.5
69 0 154.5
34 2 154.5
19 1 154.8
63 3 159.8
2 0 161.0
74 3 166.1
42 1 168.6
73 3 171.9
41 1 175.1
46 2 180.3
71 3 182.7
47 2 189.4
70 3 189.9
17 1 190.6
69 3 196.9
15 1 197.1
44 2 203.3
16 1 203.8
2 3 204.9
64 0 207.6
14 1 212.9
1 3 213.0
68 0 213.3
67 0 219.1
22 2 244.6
47 3 254.0
46 3 261.6
68 1 263.6
27 3 268.6
67 1 270.1
21 0 271.9
17 2 271.9
20 0 279.0
15 2 280.6
23 3 285.0
19 0 285.1
22 3 291.4
21 3 302.9
23 0 308.3
20 3 311.1
22 0 314.0
68 2 315.5
19 3 318.4
67 2 324.1
58 1 336.2
47 0 336.9
59 1 342.8
67 3 346.5
45 1 349.9
59 0 350.1
