1 0 4.5
22 1 5.5
53 2 7.9
2 0 10.2
23 1 11.6
52 2 16.9
24 1 17.2
69 0 17.4
70 0 23.4
25 1 24.0
54 2 27.0
71 0 29.5
26 1 30.9
72 0 35.6
77 2 36.5
27 1 37.8
46 1 44.4
76 2 46.0
47 1 51.1
72 2 53.6
55 0 54.6
48 1 56.8
49 1 62.9
50 1 69.4
74 0 71.1
3 2 73.3
63 0 75.9
51 1 76.1
52 1 81.8
64 0 82.1
4 2 83.1
65 0 87.7
5 2 92.9
66 0 93.7
60 1 95.5
39 0 99.9
58 1 101.8
6 2 102.2
40 0 105.6
59 1 108.4
41 0 110.6
7 2 111.0
45 1 115.5
43 0 117.7
8 2 119.7
29 1 122.1
30 1 128.9
13 2 134.2
31 1 134.8
32 1 141.7
9 0 146.5
10 0 151.0
36 2 152.0
11 0 156.2
42 1 157.8
35 2 160.9
12 0 162.1
41 1 164.2
34 2 169.9
18 2 180.8
28 1 184.0
19 2 189.9
38 0 196.2
44 1 197.8
20 2 198.8
37 0 202.1
21 2 208.5
75 1 214.3
24 2 217.2
68 0 220.0
73 1 220.8
67 0 226.1
72 1 227.6
62 0 239.2
14 2 241.1
61 0 245.0
16 2 253.0
17 1 264.6
57 0 265.5
