1 0 2.6
22 1 3.8
12 3 3.8
53 2 6.0
2 0 8.3
23 1 9.7
11 3 10.4
52 2 15.0
24 1 15.3
69 0 15.7
10 3 17.3
70 0 21.6
25 1 22.3
9 3 23.4
50 2 25.4
71 0 27.6
26 1 28.9
8 3 30.7
72 0 33.7
49 2 34.1
27 1 36.0
7 3 38.0
76 0 38.5
48 2 42.4
6 3 44.9
77 0 45.5
46 1 51.2
54 0 52.2
5 3 52.8
51 2 57.3
47 1 57.7
52 0 59.3
4 3 61.1
48 1 63.4
54 2 67.4
3 3 69.5
2 3 78.2
21 1 82.6
73 0 84.2
1 3 85.9
26 2 86.9
20 1 89.7
25 2 96.0
19 1 96.4
69 3 97.2
55 0 97.5
18 1 102.7
70 3 104.3
24 2 105.4
57 0 106.3
17 1 109.9
58 0 112.0
