1 0 4.9
22 1 6.9
53 2 10.5
2 0 10.5
23 1 13.0
3 0 18.1
24 1 18.6
52 2 19.5
21 1 25.4
4 0 25.4
54 2 29.6
20 1 32.5
5 0 32.5
19 1 39.1
77 2 39.1
6 0 39.2
7 0 45.2
18 1 45.4
76 2 48.6
8 0 50.8
17 1 52.5
72 2 56.2
9 0 57.3
15 1 58.9
10 0 62.2
73 2 65.4
16 1 65.6
11 0 67.6
12 0 73.9
14 1 74.7
71 2 77.2
13 0 82.5
70 2 85.9
34 1 89.8
69 2 94.8
35 1 96.8
36 0 99.6
36 1 103.8
2 2 104.1
35 0 106.3
8 1 110.8
34 0 111.9
1 2 113.9
9 1 117.3
42 0 119.0
10 1 122.9
41 0 124.9
3 2 126.1
11 1 128.9
43 0 132.4
12 1 135.9
4 2 136.0
40 0 142.3
13 1 144.3
5 2 145.6
39 0 147.7
38 0 152.0
6 2 155.1
7 1 157.7
37 0 158.2
6 1 164.5
8 2 166.9
66 0 168.4
5 1 171.0
65 0 174.6
9 2 175.0
4 1 178.1
64 0 180.3
10 2 182.9
68 0 185.6
3 1 185.7
11 2 191.4
67 0 191.9
2 1 192.9
1 1 200.1
12 2 200.7
63 0 202.4
62 0 208.8
69 1 209.4
13 2 211.9
61 0 214.3
70 1 215.6
71 1 222.3
74 0 225.2
72 1 228.7
36 2 229.4
73 0 229.9
72 0 236.0
35 2 238.3
63 1 238.3
76 0 241.3
62 1 244.3
34 2 247.0
77 0 247.4
61 1 250.6
54 0 254.1
42 2 257.3
64 1 261.4
52 0 261.4
41 2 265.8
68 1 267.2
53 0 268.4
67 1 273.8
43 2 275.9
51 0 277.2
50 0 283.1
65 1 284.1
40 2 288.2
49 0 289.2
66 1 290.4
48 0 294.6
39 2 296.3
38 1 299.0
60 0 300.9
37 1 304.6
38 2 305.3
58 0 307.1
59 0 312.4
45 0 319.9
44 0 326.1
29 0 334.1
28 0 340.2
27 0 345.9
26 0 352.6
25 0 359.0
24 0 365.6
23 0 370.2
22 0 376.2
21 0 386.6
20 0 393.6
19 0 399.7
18 0 405.6
17 0 412.2
15 0 418.5
14 0 424.4
16 0 434.2
33 0 455.1
31 0 461.7
32 0 468.2
30 0 477.6
46 0 490.5
47 0 496.9
57 0 510.0
56 0 515.3
55 0 522.0
