48 0 5.2
37 3 6.3
11 1 6.4
64 2 8.2
47 0 9.8
12 1 12.5
38 3 13.4
46 0 16.3
68 2 16.7
39 3 18.7
10 1 20.8
27 0 22.1
67 2 25.1
40 3 25.6
9 1 26.5
28 0 28.1
41 3 31.5
8 1 32.9
29 0 33.6
63 2 37.6
7 1 39.4
43 3 40.0
26 0 44.9
6 1 45.8
74 2 50.8
25 0 51.4
42 3 52.3
5 1 52.8
24 0 58.1
73 2 58.3
4 1 59.9
34 3 60.1
23 0 62.7
72 2 67.3
3 1 67.3
33 3 68.2
22 0 68.6
2 1 74.8
31 3 75.9
77 2 77.9
21 0 79.0
1 1 81.6
20 0 85.9
54 2 87.4
69 1 91.3
19 0 92.2
52 2 97.3
70 1 97.6
18 0 98.2
71 1 103.9
17 0 107.0
53 2 107.2
30 3 107.8
72 1 110.6
15 0 113.3
29 3 114.4
76 1 116.7
51 2 118.1
16 0 119.5
77 1 123.3
50 2 126.7
14 0 128.6
54 1 130.5
35 3 133.5
49 2 135.5
52 1 137.7
36 3 140.7
48 2 144.1
34 0 146.2
8 3 149.7
60 2 151.9
58 1 158.5
8 0 160.7
45 2 162.2
