31 0 4.8
39 1 5.7
2 3 5.8
16 2 8.0
32 0 10.7
38 1 10.9
1 3 13.3
15 2 16.6
37 1 17.2
33 0 20.9
69 3 24.6
14 2 25.9
40 1 26.7
34 0 27.4
70 3 31.6
41 1 32.2
42 0 37.4
17 2 37.6
42 1 38.4
71 3 38.8
34 1 44.9
72 3 46.2
18 2 46.6
18 1 52.5
73 3 53.8
19 2 55.6
17 1 58.4
75 3 61.5
20 2 63.4
15 1 64.7
56 3 68.9
14 1 71.2
21 2 71.4
9 0 74.1
55 3 77.2
10 0 79.0
24 2 79.8
16 1 80.6
11 0 84.6
57 3 87.6
25 2 89.4
12 0 90.7
58 3 94.0
35 1 97.8
26 2 98.7
60 3 101.5
36 1 104.1
27 2 108.0
7 0 108.6
48 3 108.9
6 0 114.6
47 3 117.2
19 1 117.7
28 2 119.3
5 0 121.2
20 1 124.0
46 3 124.7
29 2 128.0
4 0 128.3
21 1 131.2
3 0 135.5
30 2 136.3
24 1 137.8
2 0 142.8
31 2 144.9
22 1 145.6
59 3 145.8
1 0 149.0
23 1 152.5
45 3 154.2
