1 0 5.2
22 1 6.4
12 3 6.6
53 2 8.5
2 0 11.0
23 1 12.5
11 3 13.1
52 2 17.5
24 1 18.1
69 0 18.1
10 3 20.0
70 0 24.1
21 1 24.8
51 2 25.9
9 3 26.2
71 0 30.1
20 1 32.0
8 3 33.3
50 2 34.6
72 0 36.4
19 1 38.5
7 3 40.6
73 0 42.8
49 2 43.4
18 1 45.0
6 3 47.7
75 0 49.1
48 2 51.7
17 1 52.0
56 0 55.5
5 3 55.5
15 1 58.5
60 2 61.1
4 3 63.8
55 0 64.9
16 1 65.1
3 3 72.3
46 2 73.8
14 1 74.2
2 3 80.8
27 2 82.7
76 0 82.7
1 3 88.5
34 1 89.2
77 0 89.3
26 2 92.2
54 0 96.2
42 1 96.3
69 3 99.9
25 2 101.5
41 1 102.8
52 0 103.3
70 3 106.9
43 1 110.4
24 2 110.7
71 3 114.2
40 1 120.3
22 2 120.9
39 1 125.9
74 0 127.1
