1 0 4.5
22 1 5.9
2 0 10.3
23 1 11.9
69 0 17.5
24 1 17.5
70 0 23.5
25 1 24.4
71 0 29.4
26 1 31.1
72 0 35.6
27 1 38.1
73 0 42.2
28 1 44.4
74 0 47.5
29 1 50.6
63 0 52.3
30 1 57.1
62 0 57.5
31 1 63.0
61 0 63.5
32 1 70.0
64 0 75.0
33 1 79.8
68 0 80.7
34 1 86.4
67 0 86.7
35 1 93.2
65 0 97.4
36 1 99.8
66 0 103.3
8 1 107.6
39 0 109.5
9 1 114.2
38 0 114.8
10 1 119.8
37 0 120.5
11 1 125.9
40 0 129.9
12 1 132.6
41 0 135.0
13 1 141.3
43 0 141.8
42 0 152.8
7 1 154.5
34 0 159.6
6 1 160.9
33 0 166.3
5 1 167.9
31 0 173.0
4 1 175.0
32 0 179.6
3 1 182.5
30 0 189.0
2 1 189.9
29 0 194.3
1 1 196.9
28 0 200.6
27 0 206.0
69 1 206.4
70 1 212.6
45 0 216.9
71 1 219.0
44 0 222.5
72 1 225.7
76 1 232.0
59 0 232.5
58 0 238.0
77 1 238.4
57 0 243.5
54 1 245.5
56 0 248.8
52 1 252.8
51 1 258.0
60 0 261.0
50 1 263.6
48 0 267.1
47 1 270.1
46 1 275.8
46 0 276.2
21 0 294.3
18 1 295.7
20 0 301.4
17 1 302.6
19 0 307.6
15 1 309.1
18 0 313.5
16 1 315.8
