43 0 3.4
15 1 5.4
41 0 10.6
14 1 11.7
42 0 16.5
17 1 20.8
34 0 23.5
18 1 27.5
33 0 32.6
19 1 33.7
31 0 39.2
20 1 40.2
30 0 45.2
21 1 46.7
29 0 50.7
22 1 53.5
28 0 56.8
23 1 60.0
27 0 62.2
24 1 65.4
26 0 69.0
25 0 75.5
24 0 82.0
16 1 85.3
46 0 97.7
34 1 100.2
47 0 104.1
42 1 107.4
48 0 109.5
41 1 113.8
60 0 115.6
39 1 121.5
58 0 121.8
38 1 127.2
57 0 127.5
56 0 132.5
37 1 133.1
55 0 139.3
66 1 143.3
65 1 149.3
64 1 155.8
74 0 159.0
63 0 163.9
62 0 169.2
61 0 175.3
33 1 180.0
31 1 186.7
72 0 190.2
32 1 193.6
71 0 196.8
70 0 202.7
35 1 207.9
69 0 208.5
36 1 214.4
2 0 215.3
8 1 222.1
1 0 222.3
