41 0 3.8
42 0 9.5
34 0 16.2
35 0 23.6
36 0 29.7
8 0 37.3
9 0 43.2
10 0 48.2
11 0 53.7
12 0 60.1
13 0 68.9
7 0 84.1
6 0 89.9
5 0 96.6
4 0 103.7
3 0 110.9
2 0 118.4
1 0 124.7
69 0 135.2
70 0 141.1
71 0 147.0
72 0 153.2
76 0 158.0
77 0 164.8
54 0 171.8
52 0 179.1
53 0 185.7
51 0 194.5
50 0 200.7
49 0 206.6
48 0 212.1
47 0 217.1
46 0 223.5
27 0 229.5
28 0 235.9
29 0 241.0
30 0 246.3
31 0 252.2
32 0 258.6
33 0 268.8
18 0 279.6
17 0 286.5
15 0 292.5
14 0 298.7
16 0 309.1
19 0 324.0
20 0 330.3
21 0 337.1
24 0 343.1
23 0 349.0
22 0 354.6
25 0 364.7
26 0 371.4
45 0 386.0
