1 0 4.9
22 1 6.2
53 2 8.6
2 0 10.5
23 1 12.3
52 2 17.6
24 1 17.8
3 0 18.2
21 1 24.7
4 0 25.5
54 2 27.7
20 1 31.8
5 0 32.4
77 2 37.3
19 1 38.4
6 0 39.2
18 1 44.8
7 0 45.1
76 2 46.7
8 0 50.9
17 1 51.9
72 2 54.4
9 0 57.3
15 1 58.3
10 0 62.2
73 2 63.5
11 0 67.7
75 2 73.1
12 0 80.1
56 2 81.8
34 1 86.6
13 0 88.5
55 2 91.7
42 1 93.8
41 1 100.1
57 2 103.1
36 0 105.5
38 1 108.9
58 2 111.4
35 0 111.7
37 1 115.1
34 0 117.9
59 2 120.4
66 1 125.1
45 2 130.1
65 1 131.4
43 0 134.6
64 1 137.7
46 2 142.8
63 1 144.1
40 0 144.3
39 0 149.6
62 1 150.6
49 2 151.8
61 1 156.7
50 2 159.4
