1 0 4.5
22 1 5.8
2 0 10.1
23 1 11.8
24 1 17.3
3 0 17.7
25 1 24.2
4 0 25.1
26 1 31.1
5 0 32.0
27 1 37.9
6 0 38.8
28 1 44.2
7 0 44.8
8 0 50.4
29 1 50.6
30 1 56.8
9 0 56.8
10 0 61.7
31 1 62.9
11 0 67.3
32 1 69.9
12 0 73.5
33 1 79.7
13 0 82.2
34 1 86.3
42 1 93.8
36 0 99.1
41 1 100.1
35 0 105.2
34 0 111.4
18 0 124.1
17 0 130.8
19 1 131.4
15 0 136.9
20 1 137.6
14 0 142.7
21 1 144.7
16 0 152.4
18 1 160.5
43 1 176.3
45 0 183.9
40 1 186.0
44 0 189.4
39 1 191.8
66 1 198.5
59 0 199.4
58 0 204.9
65 1 205.0
64 1 211.3
68 1 218.0
74 0 220.4
67 1 224.0
63 0 225.3
63 1 233.8
71 0 237.8
72 1 243.1
70 0 243.8
76 1 249.0
69 0 249.7
77 1 255.6
54 1 262.7
52 1 269.9
60 0 284.7
75 1 288.9
48 0 291.0
56 1 295.3
49 0 296.6
50 0 302.6
55 1 302.8
