1 0 4.3
22 1 5.5
53 2 8.0
2 0 10.0
23 1 11.6
52 2 16.9
24 1 16.9
69 0 17.3
70 0 23.1
21 1 24.4
51 2 25.7
71 0 29.2
20 1 31.5
50 2 34.4
72 0 35.5
19 1 38.1
73 0 41.8
49 2 43.1
18 1 44.6
74 0 47.4
48 2 51.6
17 1 51.7
63 0 52.0
62 0 57.7
15 1 57.8
47 2 60.8
61 0 63.8
16 1 65.2
46 2 69.5
14 1 74.2
64 0 75.5
27 2 77.9
68 0 81.1
67 0 87.1
28 2 87.7
34 1 89.5
29 2 95.8
33 1 96.3
65 0 97.8
31 1 102.9
66 0 103.6
45 2 104.9
39 0 109.9
32 1 110.0
44 2 113.7
38 0 115.4
30 1 119.2
37 0 120.9
29 1 125.1
59 2 125.5
40 0 130.3
28 1 131.8
58 2 133.8
41 0 135.3
27 1 137.4
43 0 142.3
60 2 143.1
46 1 144.4
47 1 151.0
42 0 153.2
48 1 156.7
57 2 158.8
34 0 160.0
49 1 163.1
56 2 166.7
18 0 168.8
50 1 169.0
17 0 175.5
51 1 175.8
55 2 176.2
52 1 181.5
15 0 181.6
14 0 188.2
53 1 188.6
75 2 189.3
16 0 198.1
73 2 198.3
54 1 199.2
74 2 206.4
77 1 206.5
19 0 213.2
76 1 213.4
63 2 214.1
72 1 218.7
20 0 219.2
62 2 223.0
21 0 226.3
70 1 227.8
61 2 231.8
24 0 232.2
69 1 234.0
23 0 238.1
2 1 241.1
22 0 243.6
64 2 245.3
1 1 248.5
68 2 253.5
25 0 253.7
3 1 257.9
26 0 260.2
67 2 262.4
4 1 265.2
27 0 266.7
28 0 272.5
5 1 272.6
65 2 275.3
29 0 278.4
6 1 279.4
66 2 283.9
7 1 285.8
46 0 289.5
8 1 292.2
39 2 293.0
47 0 295.5
10 1 299.9
48 0 300.7
38 2 301.1
11 1 306.0
49 0 306.6
37 2 309.5
50 0 312.2
13 1 312.8
