1 0 4.5
12 3 6.0
22 1 6.2
53 2 8.3
2 0 10.1
23 1 12.1
11 3 12.6
52 2 17.3
69 0 17.3
24 1 17.8
13 3 20.1
70 0 23.3
25 1 24.6
51 2 25.4
71 0 29.5
10 3 29.8
26 1 31.4
50 2 34.2
72 0 35.6
9 3 35.7
27 1 38.4
73 0 42.0
8 3 43.0
49 2 43.0
28 1 44.7
76 0 49.8
7 3 50.2
29 1 50.9
48 2 51.5
77 0 56.5
6 3 57.3
45 1 62.0
54 0 63.3
5 3 65.2
44 1 68.4
52 0 70.5
77 2 72.5
4 3 73.4
59 1 77.6
51 0 78.1
3 3 81.9
75 2 82.8
58 1 83.5
50 0 84.2
49 0 90.1
57 1 90.2
2 3 90.4
56 2 91.4
48 0 95.7
56 1 95.9
1 3 98.0
73 2 103.5
47 0 104.1
69 3 109.6
46 0 110.7
74 2 111.4
49 1 112.8
27 0 116.5
70 3 116.6
50 1 118.8
63 2 119.2
28 0 122.2
71 3 123.8
51 1 125.7
29 0 127.6
52 1 131.3
62 2 132.2
77 3 132.7
30 0 132.9
31 0 138.9
61 2 140.9
50 3 141.8
32 0 145.2
75 3 154.5
33 0 155.6
65 2 156.1
73 3 162.0
34 0 162.1
66 2 164.3
74 3 168.0
42 0 169.1
55 1 170.4
39 2 173.7
63 3 173.9
41 0 175.2
64 3 181.2
40 0 182.2
39 0 187.9
66 3 191.2
39 3 198.9
46 1 202.5
68 0 203.4
55 2 203.8
40 3 205.6
67 0 209.4
41 3 211.2
21 1 218.4
42 3 218.7
20 1 225.5
34 3 226.6
19 1 232.2
18 1 238.5
15 1 247.3
43 3 247.3
