43 0 4.5
16 1 5.2
24 3 5.6
53 2 7.7
23 3 11.1
15 1 11.3
41 0 11.7
52 2 16.7
42 0 17.8
22 3 18.1
14 1 18.6
34 0 24.6
54 2 26.9
17 1 27.5
25 3 29.9
35 1 35.7
77 2 36.4
26 3 37.6
40 0 37.8
36 1 42.1
39 0 43.4
27 3 45.4
76 2 45.8
38 0 47.6
8 1 49.7
28 3 52.3
72 2 53.6
37 0 53.8
7 1 56.3
29 3 59.3
6 1 62.5
71 2 63.2
66 0 64.3
30 3 66.1
5 1 69.5
65 0 70.5
70 2 71.8
31 3 73.0
64 0 76.0
4 1 76.7
69 2 80.4
32 3 80.6
68 0 81.4
3 1 84.2
67 0 87.6
2 2 89.9
33 3 92.1
1 1 93.9
34 3 99.8
2 1 101.2
63 0 101.4
62 0 107.5
69 1 108.1
42 3 108.1
73 2 108.9
61 0 113.3
70 1 114.4
41 3 115.3
75 2 118.2
71 1 120.7
56 2 127.2
72 1 127.5
73 1 134.4
46 3 139.0
59 2 139.6
74 1 142.4
47 3 146.5
45 2 149.1
