1 0 9.0
22 1 11.8
2 0 14.7
53 2 15.5
23 1 17.8
69 0 22.0
24 1 23.5
52 2 24.2
70 0 27.9
21 1 30.5
71 0 33.9
50 2 35.1
20 1 37.4
72 0 40.0
49 2 43.8
19 1 44.0
73 0 46.6
18 1 50.7
48 2 52.0
75 0 53.9
17 1 58.3
56 0 60.0
15 1 64.4
16 1 71.2
55 0 72.7
14 1 80.0
75 2 83.6
74 0 87.6
73 2 92.5
63 0 92.7
34 1 95.1
62 0 98.2
33 1 102.4
61 0 104.1
31 1 109.0
47 2 114.2
64 0 119.1
46 2 123.1
65 0 124.8
9 1 128.3
66 0 131.0
27 2 131.9
10 1 133.8
39 0 137.1
11 1 139.8
26 2 141.3
38 0 142.4
37 0 148.1
25 2 150.6
7 1 151.3
6 1 157.6
24 2 160.0
5 1 164.7
68 0 165.8
22 2 169.9
67 0 171.8
4 1 171.8
23 2 179.2
3 1 179.2
2 1 186.7
21 2 189.3
76 0 190.4
77 0 196.8
20 2 198.9
54 0 203.7
19 2 207.8
52 0 210.9
51 0 216.2
18 2 216.6
50 0 222.5
32 1 223.7
49 0 228.3
42 2 230.3
30 1 232.9
48 0 234.0
29 1 238.7
41 2 239.1
60 0 240.3
58 0 246.4
