1 0 4.4
22 1 5.4
53 2 7.6
2 0 10.0
23 1 11.3
52 2 16.7
24 1 16.9
69 0 17.3
70 0 23.2
25 1 23.9
51 2 24.7
71 0 29.2
26 1 30.6
50 2 33.7
72 0 35.4
27 1 37.5
76 0 40.1
49 2 42.5
46 1 44.2
77 0 47.0
48 2 50.8
47 1 50.9
54 0 54.0
52 0 61.1
51 0 67.9
54 2 69.0
44 1 70.2
50 0 74.2
29 1 78.3
77 2 78.4
49 0 80.0
30 1 84.8
48 0 85.6
76 2 87.7
47 0 90.2
31 1 90.8
72 2 95.5
46 0 96.9
33 1 98.1
27 0 102.8
34 1 104.7
74 2 106.1
28 0 108.7
18 1 112.7
63 2 113.9
29 0 114.1
19 1 119.2
64 2 123.0
59 0 124.4
20 1 125.7
58 0 130.0
68 2 131.3
21 1 132.8
67 2 140.1
75 0 140.7
73 0 147.2
17 1 151.0
63 0 154.1
15 1 157.4
62 0 159.5
16 1 164.3
61 0 165.3
3 2 170.5
14 1 173.2
4 2 180.4
5 2 190.2
35 1 190.5
60 0 196.4
36 1 197.0
6 2 199.5
8 1 204.7
7 2 208.3
42 1 224.8
55 0 229.1
41 1 231.0
66 2 236.2
43 1 238.5
65 2 245.0
62 2 257.8
7 1 261.0
61 2 266.6
6 1 267.2
5 1 274.2
4 1 281.4
75 2 282.8
3 1 288.8
56 2 292.0
2 1 296.2
32 1 330.3
40 1 348.8
32 0 352.7
39 1 354.3
9 2 359.4
38 1 360.2
37 1 366.3
10 2 367.1
11 2 375.6
43 0 376.7
66 1 380.6
12 2 384.9
40 0 386.7
39 0 392.0
13 2 396.1
38 0 396.2
37 0 402.4
66 0 412.9
65 0 419.0
28 1 423.2
64 0 424.6
49 1 436.3
43 2 438.0
50 1 442.6
51 1 449.5
38 2 453.0
52 1 455.1
37 2 461.7
3 0 463.2
60 1 468.8
4 0 470.7
57 1 477.0
5 0 477.6
56 1 482.6
6 0 484.4
7 0 490.3
8 0 496.0
