1 0 4.3
53 2 8.6
22 1 9.8
2 0 9.9
23 1 16.0
3 0 16.5
54 2 21.0
4 0 23.7
25 1 23.7
26 1 30.6
77 2 30.6
5 0 30.6
27 1 37.5
7 0 40.0
76 2 40.0
46 1 44.0
8 0 45.8
47 1 50.7
9 0 52.1
71 2 55.3
10 0 57.1
60 1 59.1
11 0 62.6
70 2 63.9
58 1 65.3
13 0 68.5
69 2 72.8
49 1 75.9
12 0 77.6
50 1 81.9
1 2 85.2
51 1 88.8
36 0 94.6
53 1 97.0
3 2 97.5
35 0 100.6
4 2 107.3
54 1 107.3
33 0 111.3
77 1 114.5
5 2 116.9
76 1 121.0
32 0 121.7
7 2 128.8
30 0 131.5
62 1 134.3
8 2 137.2
61 1 140.4
9 2 147.5
10 2 155.2
11 2 163.7
12 2 172.9
13 2 184.3
36 2 201.7
35 2 210.5
