1 0 5.0
12 3 5.7
22 1 6.2
53 2 8.4
2 0 10.7
23 1 12.1
11 3 12.2
52 2 17.5
24 1 17.7
69 0 17.9
10 3 19.3
70 0 23.9
25 1 24.7
9 3 25.4
51 2 25.5
71 0 29.8
26 1 31.4
8 3 32.6
50 2 34.5
72 0 36.1
27 1 38.4
7 3 39.7
73 0 42.6
49 2 43.3
28 1 44.6
6 3 46.9
75 0 48.8
29 1 51.0
48 2 51.6
5 3 54.8
56 0 55.3
55 0 62.3
4 3 63.0
45 1 67.4
54 2 69.6
3 3 71.4
44 1 73.8
60 0 77.4
2 3 80.1
61 2 82.9
59 1 83.0
48 0 83.6
1 3 87.6
58 1 88.9
62 2 92.4
69 3 99.2
57 1 99.6
63 2 100.8
56 1 105.2
49 0 105.8
70 3 106.1
50 0 111.8
55 1 112.3
64 3 116.6
51 0 118.0
65 2 119.4
68 3 122.8
52 0 123.0
74 1 125.7
66 2 128.1
67 3 130.2
63 1 131.1
39 2 137.1
74 3 143.8
40 2 146.1
73 3 149.7
41 2 153.6
21 0 155.8
46 1 161.0
20 0 163.0
42 2 167.0
47 1 167.6
19 0 169.1
48 1 173.4
18 0 175.1
34 2 176.2
49 1 179.6
35 3 182.2
50 1 186.0
36 3 189.0
51 1 192.7
