1 0 5.5
12 3 6.3
22 1 6.8
53 2 8.8
2 0 11.3
23 1 12.8
11 3 12.9
52 2 17.7
24 1 18.3
69 0 18.5
13 3 20.4
70 0 24.4
25 1 25.2
54 2 27.9
10 3 30.1
71 0 30.4
26 1 32.0
9 3 36.0
72 0 36.7
77 2 37.4
27 1 38.9
8 3 43.2
46 1 45.5
76 2 46.8
74 0 47.0
7 3 50.5
63 0 52.0
47 1 52.2
71 2 55.1
62 0 57.4
6 3 57.6
48 1 57.9
61 0 63.4
60 1 64.9
5 3 65.5
3 2 65.8
58 1 71.2
4 2 74.3
4 3 74.7
64 0 76.8
49 1 81.7
3 3 82.4
68 0 82.6
5 2 83.9
50 1 88.0
67 0 88.4
2 3 90.8
6 2 93.0
51 1 94.8
69 3 96.8
65 0 100.1
52 1 100.4
7 2 101.8
66 0 106.1
63 3 106.2
8 2 110.4
39 0 112.2
64 3 112.7
57 1 117.7
40 0 117.9
41 0 123.0
36 2 123.3
56 1 123.4
43 0 130.0
