1 0 4.4
22 1 5.6
53 2 7.9
2 0 10.1
23 1 11.5
52 2 16.8
24 1 17.1
3 0 17.7
21 1 23.9
51 2 25.0
4 0 25.1
20 1 31.0
5 0 32.0
50 2 33.9
19 1 37.7
6 0 38.9
49 2 42.6
18 1 44.0
7 0 44.8
8 0 50.4
48 2 51.0
17 1 51.2
15 1 57.6
46 2 61.8
16 1 64.5
27 2 70.7
14 1 73.3
28 2 79.9
66 0 81.9
65 0 87.9
29 2 87.9
34 1 88.3
64 0 93.7
33 1 98.5
68 0 99.1
25 2 104.3
31 1 105.2
67 0 105.2
24 2 113.2
63 0 115.9
62 0 122.0
26 2 125.3
61 0 127.7
35 1 132.7
74 0 138.5
36 1 139.1
45 2 141.1
73 0 143.2
8 1 146.7
75 0 149.5
59 2 151.2
7 1 153.2
56 0 155.8
58 2 159.5
6 1 159.6
55 0 164.5
5 1 166.5
57 2 168.5
4 1 173.7
56 2 176.8
72 0 180.8
3 1 181.3
71 0 187.1
2 1 188.6
70 0 193.2
69 0 199.0
9 2 214.5
10 2 222.1
76 0 228.3
11 2 230.5
77 0 234.5
54 0 241.5
12 2 243.6
52 0 248.6
32 1 253.9
13 2 254.9
30 1 262.8
60 0 264.9
29 1 268.9
58 0 270.9
59 0 276.3
42 2 280.0
59 1 281.1
45 0 283.9
41 2 288.6
48 1 289.5
44 0 298.0
