43 0 4.8
14 1 5.9
37 3 6.3
67 2 8.3
41 0 11.9
15 1 12.6
38 3 13.5
68 2 16.8
39 3 18.9
16 1 19.0
42 0 20.8
40 3 24.4
64 2 25.1
34 0 27.7
17 1 27.9
42 3 30.9
63 2 34.0
18 1 34.4
33 0 35.4
34 3 38.4
31 0 42.2
62 2 42.8
36 1 43.1
35 3 46.9
32 0 48.5
8 1 50.6
61 2 51.5
36 3 54.2
30 0 57.9
29 0 63.1
74 2 64.6
73 2 71.9
19 1 73.3
43 3 73.4
20 1 79.9
72 2 81.2
35 0 84.1
21 1 85.8
66 3 89.5
36 0 90.1
71 2 90.5
25 1 94.1
65 3 96.8
8 0 97.8
70 2 99.1
26 1 100.9
64 3 103.8
9 0 103.9
27 1 107.7
69 2 107.9
10 0 108.9
68 3 110.8
11 0 114.5
46 1 114.7
2 2 117.2
67 3 118.0
12 0 120.8
47 1 121.0
48 1 126.7
13 0 129.4
54 1 141.4
77 1 148.6
76 2 150.0
77 2 159.1
55 3 164.3
45 0 167.0
