43 0 4.2
41 0 11.5
40 0 17.0
39 0 22.1
38 0 26.2
37 0 32.4
66 0 43.0
65 0 48.9
64 0 54.6
68 0 60.0
67 0 66.3
63 0 77.0
62 0 83.1
61 0 89.0
74 0 99.9
73 0 104.6
75 0 110.9
56 0 117.0
55 0 124.1
57 0 133.7
58 0 138.8
60 0 144.8
48 0 151.3
49 0 156.8
50 0 162.8
51 0 169.2
52 0 174.1
53 0 180.6
54 0 191.6
77 0 198.6
76 0 205.3
72 0 210.2
71 0 222.5
70 0 228.5
69 0 234.2
2 0 240.9
1 0 247.9
3 0 258.4
4 0 265.5
5 0 272.5
6 0 279.4
7 0 285.2
8 0 290.9
9 0 297.5
10 0 302.3
11 0 307.7
12 0 313.9
13 0 322.7
36 0 339.8
35 0 345.6
34 0 351.9
18 0 360.6
17 0 367.3
15 0 373.3
14 0 379.4
16 0 388.9
19 0 404.1
20 0 410.2
21 0 417.3
24 0 423.1
23 0 429.2
22 0 434.5
25 0 444.8
26 0 451.3
27 0 458.0
28 0 463.5
29 0 469.4
45 0 475.9
