1 0 4.8
22 1 6.2
2 0 10.5
23 1 12.1
69 0 17.7
24 1 17.8
70 0 23.6
25 1 24.6
71 0 29.6
26 1 31.4
72 0 35.8
27 1 38.3
76 0 40.5
28 1 44.6
77 0 47.4
29 1 51.0
54 0 54.4
45 1 57.7
52 0 61.6
44 1 64.3
53 0 68.5
59 1 73.5
51 0 77.0
58 1 79.4
50 0 83.3
60 1 86.2
49 0 89.2
48 1 92.7
48 0 98.4
57 1 103.6
60 0 104.3
56 1 109.1
58 0 109.8
55 1 116.1
30 0 124.4
75 1 126.1
31 0 130.2
73 1 132.8
32 0 136.4
62 1 141.6
61 1 147.8
17 0 157.9
64 1 158.4
15 0 164.0
68 1 164.5
16 0 170.2
67 1 170.9
47 1 196.9
9 0 200.7
46 1 203.5
10 0 205.7
11 0 211.3
13 0 217.2
33 1 219.4
34 1 226.0
12 0 226.1
42 1 233.5
41 1 239.7
7 0 241.4
43 1 247.3
6 0 247.4
5 0 254.1
4 0 261.2
35 1 262.7
3 0 268.4
36 1 268.9
8 1 276.6
