1 0 13.1
22 1 15.6
53 2 19.1
23 1 21.7
3 0 23.1
4 0 30.4
54 2 31.4
20 1 32.5
5 0 37.3
19 1 39.1
77 2 41.1
7 0 46.5
17 1 48.3
76 2 50.4
8 0 52.5
15 1 54.5
9 0 58.9
71 2 61.2
10 0 63.8
11 0 69.4
70 2 69.5
69 2 78.3
1 2 90.7
3 2 103.1
4 2 112.8
12 0 278.2
32 1 280.2
13 0 286.9
30 1 288.9
10 0 295.3
44 1 299.1
9 0 300.3
59 1 308.2
36 0 310.6
60 1 316.4
35 0 316.6
18 0 328.0
57 1 329.1
68 2 333.0
56 1 334.8
17 0 334.9
15 0 340.8
55 1 342.1
65 2 344.0
14 0 346.9
75 1 352.1
66 2 352.5
16 0 356.6
38 2 362.9
77 1 364.3
54 1 371.3
37 2 371.5
19 0 371.9
20 0 377.7
52 1 378.6
40 2 383.7
53 1 386.5
24 0 387.4
23 0 393.2
43 2 394.7
51 1 394.9
22 0 398.8
50 1 400.9
49 1 407.2
42 2 407.8
25 0 409.1
26 0 415.5
46 1 417.1
35 2 420.2
27 0 422.3
36 2 429.1
28 0 432.5
33 1 441.5
9 2 441.9
10 2 449.7
11 2 457.9
66 1 458.1
7 0 463.3
65 1 464.5
64 1 470.6
5 0 472.4
68 1 477.5
4 0 479.4
67 1 483.5
3 0 486.8
2 0 494.0
1 2 495.0
63 1 495.4
74 1 501.2
69 2 507.7
71 1 511.4
70 2 516.5
70 1 519.0
69 1 524.6
71 2 525.7
72 2 534.3
62 1 546.3
46 0 546.4
