1 0 5.4
12 3 6.2
22 1 6.6
53 2 8.5
2 0 11.1
23 1 12.7
11 3 12.7
52 2 17.6
24 1 18.2
3 0 18.6
10 3 19.8
21 1 25.0
9 3 25.8
4 0 26.0
54 2 27.7
20 1 32.2
5 0 32.9
8 3 33.0
77 2 37.2
19 1 38.8
6 0 39.8
7 3 40.3
18 1 45.1
76 2 46.6
8 0 48.3
6 3 48.4
17 1 52.2
72 2 54.3
5 3 55.2
15 1 58.7
4 3 60.5
73 2 63.4
3 3 65.8
34 1 67.6
74 2 71.6
69 3 72.7
42 1 74.2
63 2 79.5
41 1 80.6
40 1 86.9
38 0 89.0
39 1 92.3
37 0 94.9
41 2 99.7
43 1 103.2
1 3 103.8
66 0 106.2
65 0 112.2
64 0 118.0
17 2 118.0
33 1 118.3
31 1 125.0
15 2 126.7
32 1 132.2
16 2 136.0
72 0 137.2
30 1 141.3
55 3 142.7
