1 0 4.2
2 0 9.9
69 0 17.0
70 0 23.1
71 0 28.9
72 0 35.2
73 0 41.6
76 0 49.8
77 0 56.1
54 0 63.0
52 0 70.2
53 0 77.3
51 0 86.1
50 0 91.9
49 0 97.9
48 0 103.5
47 0 108.4
46 0 115.1
27 0 120.9
26 0 127.5
25 0 134.0
24 0 140.6
23 0 145.5
22 0 151.3
21 0 161.5
20 0 168.4
19 0 174.6
18 0 180.8
17 0 187.0
15 0 193.3
14 0 199.5
16 0 209.1
34 0 226.5
33 0 233.6
31 0 240.0
32 0 246.7
30 0 255.9
29 0 261.3
28 0 267.6
45 0 280.6
44 0 286.1
59 0 296.3
58 0 302.1
60 0 308.2
57 0 322.5
56 0 327.8
55 0 334.5
75 0 344.9
74 0 353.0
63 0 357.9
62 0 363.3
61 0 369.5
64 0 380.9
68 0 386.7
67 0 392.7
65 0 403.5
66 0 409.1
39 0 415.5
38 0 420.9
37 0 426.4
40 0 435.7
41 0 440.7
