27 0 4.7
12 1 5.8
28 0 10.5
11 1 12.3
29 0 15.8
10 1 18.2
30 0 21.1
9 1 23.8
31 0 27.0
8 1 30.3
32 0 33.5
7 1 36.9
6 1 43.2
33 0 43.7
5 1 50.1
34 0 50.3
4 1 57.4
18 0 58.7
3 1 64.7
17 0 65.5
15 0 71.7
2 1 72.3
16 0 77.8
1 1 79.2
14 0 87.0
69 1 88.8
70 1 94.9
71 1 101.4
19 0 102.3
72 1 108.2
20 0 108.6
73 1 114.9
21 0 115.6
24 0 121.5
63 1 121.6
23 0 127.1
62 1 128.3
22 0 132.6
61 1 134.4
25 0 143.0
64 1 145.1
26 0 149.5
68 1 151.0
67 1 157.6
46 0 158.8
47 0 165.2
65 1 168.0
48 0 170.4
66 1 174.0
60 0 176.8
39 1 180.9
58 0 182.9
38 1 186.4
37 1 192.6
49 0 194.5
50 0 200.0
40 1 202.4
51 0 206.3
41 1 207.6
52 0 211.3
43 1 215.3
53 0 217.7
42 1 225.4
54 0 228.9
34 1 232.2
77 0 235.7
18 1 240.6
76 0 242.4
72 0 247.2
17 1 247.7
73 0 253.1
15 1 254.0
14 1 260.5
71 0 263.0
70 0 268.8
16 1 269.9
69 0 274.8
2 0 281.5
19 1 283.1
1 0 288.4
20 1 289.6
21 1 296.9
3 0 298.8
24 1 303.2
4 0 306.0
22 1 311.1
5 0 313.1
23 1 318.0
6 0 319.8
25 1 325.6
7 0 325.7
8 0 331.5
26 1 332.3
9 0 338.0
27 1 339.1
10 0 342.7
28 1 345.4
11 0 348.3
29 1 351.9
13 0 354.1
45 1 358.5
