1 0 4.3
2 0 10.0
3 0 17.6
4 0 25.0
5 0 32.0
6 0 38.6
7 0 44.5
8 0 50.2
9 0 56.6
10 0 61.4
11 0 67.1
13 0 73.1
12 0 82.1
36 0 99.1
35 0 105.1
34 0 111.2
42 0 118.4
41 0 124.3
43 0 131.7
40 0 141.7
39 0 147.0
38 0 151.4
37 0 157.5
66 0 168.0
65 0 174.1
64 0 179.8
68 0 185.2
67 0 191.2
63 0 201.9
62 0 207.9
61 0 213.7
74 0 224.7
73 0 229.2
75 0 235.6
56 0 241.9
55 0 248.8
57 0 258.0
58 0 263.2
60 0 269.5
48 0 275.7
47 0 281.6
46 0 287.7
27 0 293.3
26 0 299.9
25 0 306.5
24 0 312.9
23 0 317.9
22 0 323.7
21 0 333.9
20 0 341.0
19 0 347.2
18 0 353.2
17 0 359.8
