1 0 6.9
22 1 9.6
2 0 12.7
53 2 13.2
23 1 15.5
3 0 20.3
24 1 21.1
52 2 22.2
4 0 27.6
21 1 28.0
54 2 32.3
5 0 34.6
20 1 35.1
6 0 41.3
19 1 41.7
77 2 41.8
7 0 47.3
18 1 48.0
76 2 51.2
8 0 52.9
72 2 59.0
9 0 64.1
17 1 65.0
73 2 68.0
10 0 68.9
15 1 71.4
11 0 74.4
74 2 76.4
16 1 78.2
13 0 80.1
63 2 84.0
14 1 87.2
12 0 89.1
62 2 92.9
61 2 101.7
34 1 102.2
40 0 120.2
46 1 122.4
39 0 125.6
47 1 128.9
48 1 134.7
43 2 138.5
33 0 144.9
31 0 151.5
42 2 152.3
60 1 154.4
30 0 157.4
58 1 160.7
34 2 161.0
29 0 162.9
33 2 170.4
45 0 171.5
44 0 176.7
31 2 179.5
59 0 186.7
26 1 189.0
58 0 192.2
35 2 194.4
25 1 195.8
57 0 197.9
56 0 203.2
36 2 203.3
55 0 210.1
8 2 213.5
49 1 217.1
50 1 223.3
51 1 230.2
65 0 233.6
52 1 235.8
66 0 239.6
32 2 246.7
38 0 247.1
37 0 252.9
75 1 257.0
28 2 262.2
73 1 263.6
27 2 270.5
68 0 270.9
71 1 272.7
67 0 276.9
70 1 279.0
26 2 280.2
69 1 285.3
25 2 289.4
2 1 292.3
24 2 298.6
64 1 312.4
