27 0 4.5
16 1 5.7
72 2 7.9
46 0 9.9
15 1 11.9
47 0 16.3
71 2 16.9
17 1 18.9
48 0 21.4
18 1 25.4
70 2 25.4
60 0 27.7
19 1 32.1
58 0 33.9
69 2 34.3
20 1 38.5
57 0 39.6
2 2 43.7
56 0 44.7
21 1 45.8
55 0 51.5
24 1 52.3
1 2 53.6
22 1 60.3
75 0 61.9
3 2 65.7
23 1 67.1
73 0 68.2
25 1 74.7
72 0 74.7
4 2 75.6
71 0 80.7
26 1 81.1
5 2 85.1
70 0 86.7
27 1 88.2
69 0 92.7
6 2 94.7
46 1 94.8
2 0 99.6
47 1 101.5
7 2 103.4
1 0 106.4
48 1 107.3
8 2 112.0
60 1 114.5
3 0 116.7
58 1 120.5
10 2 122.4
4 0 124.0
59 1 127.3
11 2 130.9
5 0 131.1
45 1 134.0
