1 0 5.0
12 3 6.2
22 1 6.2
53 2 8.7
2 0 10.7
23 1 12.3
11 3 12.8
52 2 17.6
24 1 17.8
69 0 17.8
10 3 19.8
70 0 23.9
21 1 24.7
9 3 25.8
54 2 27.7
71 0 29.8
20 1 31.8
8 3 33.0
72 0 36.1
77 2 37.3
19 1 38.3
36 3 41.9
18 1 44.7
73 0 45.4
76 2 46.6
35 3 49.1
34 3 54.7
55 0 58.2
42 1 58.3
3 2 59.3
33 3 61.1
41 1 64.6
57 0 67.3
4 2 67.6
31 3 68.7
58 0 72.7
38 1 73.3
32 3 76.4
5 2 76.7
60 0 78.8
37 1 79.5
48 0 85.1
6 2 86.2
30 3 87.0
49 0 90.7
66 1 92.2
29 3 93.6
36 2 95.8
50 0 96.7
65 1 98.5
45 3 101.3
51 0 103.0
64 1 104.8
20 2 108.0
44 3 108.0
52 0 108.0
21 2 117.6
47 0 124.5
24 2 126.4
59 1 128.6
46 0 130.8
45 1 135.7
27 0 136.7
25 2 139.2
17 3 142.3
29 1 142.4
26 0 143.0
