1 0 4.4
22 1 5.8
53 2 8.0
2 0 10.1
23 1 11.8
52 2 16.9
69 0 17.4
24 1 17.4
70 0 23.4
25 1 24.3
51 2 25.0
71 0 29.4
26 1 31.2
50 2 34.0
72 0 35.6
27 1 38.0
73 0 41.9
49 2 42.8
28 1 44.4
75 0 48.4
29 1 50.7
48 2 51.2
56 0 54.7
55 0 61.8
30 1 63.7
31 1 69.6
32 1 76.4
33 1 86.1
28 2 87.5
34 1 92.8
3 0 95.7
29 2 95.7
35 1 99.7
4 0 103.1
36 1 106.3
5 0 110.2
8 1 113.9
6 0 116.9
7 0 122.9
54 2 123.5
77 2 133.2
10 0 135.0
11 0 140.4
42 1 142.0
76 2 142.5
13 0 146.3
41 1 148.4
72 2 150.2
40 1 154.5
12 0 155.3
39 1 160.2
74 2 161.0
38 1 166.0
63 2 168.6
37 1 172.2
62 2 177.6
66 1 182.2
61 2 186.2
65 1 188.5
64 1 194.8
75 2 197.1
46 0 197.4
47 0 203.6
68 1 205.1
48 0 208.7
67 1 211.3
60 2 213.0
60 0 215.1
58 2 222.2
59 0 226.6
57 2 230.0
43 1 231.0
45 0 233.5
55 2 238.6
18 1 247.6
56 2 248.2
