1 0 4.7
22 1 6.0
53 2 8.1
2 0 10.3
23 1 11.9
52 2 17.1
24 1 17.5
3 0 18.0
25 1 24.4
4 0 25.2
54 2 27.1
26 1 31.3
5 0 32.2
77 2 36.7
27 1 38.1
6 0 39.1
28 1 44.5
7 0 45.0
76 2 46.1
8 0 50.7
29 1 50.7
72 2 53.9
9 0 57.0
45 1 57.4
10 0 61.9
73 2 62.9
44 1 64.1
11 0 67.4
75 2 72.5
59 1 73.3
13 0 73.4
58 1 79.2
56 2 81.3
12 0 82.4
60 1 88.0
55 2 94.4
48 1 94.5
36 0 99.3
49 1 100.6
35 0 105.5
50 1 107.0
34 0 111.7
51 1 113.8
71 2 114.4
33 0 118.4
52 1 119.3
70 2 123.2
31 0 125.1
32 0 131.8
69 2 131.9
46 1 134.3
30 0 141.1
2 2 141.4
29 0 146.5
1 2 151.0
3 2 163.2
42 0 165.9
75 1 167.6
41 0 171.9
4 2 173.2
73 1 174.4
5 2 182.8
17 0 190.3
6 2 192.2
15 0 196.5
7 2 200.9
14 0 202.5
21 1 205.7
8 2 209.7
16 0 212.0
20 1 212.9
