61 0 5.0
22 3 6.1
52 1 6.4
8 2 8.5
62 0 11.1
23 3 13.1
53 1 13.2
63 0 16.6
7 2 17.4
24 3 18.8
64 0 22.3
54 1 23.1
6 2 25.7
21 3 26.1
68 0 28.0
77 1 30.2
67 0 33.9
20 3 34.4
5 2 35.1
76 1 37.2
19 3 41.6
72 1 42.6
65 0 44.8
4 2 44.8
18 3 48.8
73 1 49.3
66 0 50.6
3 2 54.7
74 1 55.4
17 3 56.8
39 0 56.9
63 1 60.6
15 3 64.0
2 2 64.5
62 1 67.2
40 0 69.0
16 3 71.3
61 1 73.6
41 0 74.1
69 2 76.7
14 3 82.0
42 0 84.4
70 2 85.2
65 1 90.5
34 0 91.1
71 2 94.1
66 1 96.7
72 2 103.1
39 1 103.4
33 3 103.6
37 0 111.3
31 3 111.3
76 2 111.6
38 0 117.6
77 2 120.4
42 3 126.2
7 1 127.6
43 0 129.3
54 2 130.0
41 3 133.4
6 1 133.9
52 2 140.1
5 1 140.6
34 3 144.5
4 1 147.9
51 2 148.4
32 0 154.3
3 1 155.5
50 2 157.7
2 1 162.8
30 0 163.6
49 2 166.6
46 3 168.2
29 0 169.0
69 1 170.2
48 2 174.9
28 0 175.2
47 3 175.7
70 1 176.2
27 0 180.4
71 1 182.9
26 0 186.5
60 2 190.7
58 2 199.3
46 0 200.6
75 1 201.4
55 3 202.0
47 0 207.0
56 1 207.7
57 2 207.9
48 0 212.1
55 1 222.3
59 3 224.1
45 2 230.1
