1 0 2.1
22 1 3.5
2 0 7.9
23 1 9.6
53 2 11.5
69 0 15.0
24 1 15.2
52 2 20.5
70 0 21.0
25 1 22.0
71 0 27.0
26 1 28.9
54 2 30.7
72 0 33.1
27 1 35.8
77 2 40.3
28 1 42.1
29 1 48.4
76 2 49.7
73 0 50.5
72 2 57.4
46 1 58.5
47 1 65.1
57 0 68.5
48 1 70.8
58 0 73.6
3 2 77.0
60 0 79.4
48 0 85.7
30 1 86.4
4 2 86.9
31 1 92.5
5 2 96.5
59 0 97.7
45 0 104.5
18 1 105.1
6 2 106.0
29 0 110.8
17 1 111.9
7 2 114.7
15 1 118.3
8 2 123.4
14 1 128.6
55 0 131.5
9 2 132.7
10 2 140.5
19 1 142.0
74 0 146.5
20 1 148.6
11 2 149.1
63 0 151.5
21 1 155.8
62 0 157.1
13 2 158.1
61 0 163.0
12 2 169.3
64 0 174.5
65 0 180.4
66 0 186.5
44 1 187.5
39 0 192.6
49 1 204.4
33 2 205.8
68 0 210.1
50 1 210.5
31 2 215.2
67 0 216.0
51 1 217.3
52 1 222.9
32 2 224.7
38 0 233.9
37 0 239.7
14 2 250.6
40 0 251.9
41 0 257.1
16 2 262.6
43 0 263.9
42 0 274.9
34 0 282.1
40 1 282.9
42 2 283.6
39 1 288.4
33 0 288.4
41 2 292.3
31 0 295.2
41 1 296.1
32 0 301.8
43 1 303.2
40 2 318.7
