1 0 4.6
22 1 5.8
53 2 8.0
2 0 10.4
23 1 11.8
52 2 17.0
24 1 17.4
3 0 17.9
25 1 24.4
4 0 25.2
54 2 27.2
26 1 31.2
5 0 32.2
77 2 36.8
27 1 38.0
6 0 38.9
28 1 44.4
7 0 45.1
76 2 46.3
8 0 50.5
29 1 50.7
72 2 54.0
9 0 57.1
45 1 57.5
10 0 62.0
73 2 63.1
44 1 64.5
11 0 67.4
74 2 71.2
59 1 73.1
13 0 73.2
63 2 78.9
58 1 79.0
12 0 82.4
56 1 87.0
62 2 87.9
55 1 93.8
61 2 96.5
36 0 99.3
35 0 105.4
75 1 107.6
64 2 111.2
34 0 111.6
73 1 114.2
33 0 118.4
68 2 118.8
71 1 122.9
31 0 125.1
67 2 127.3
70 1 129.2
32 0 131.7
69 1 135.7
65 2 140.1
30 0 140.9
2 1 142.5
29 0 146.4
66 2 148.8
28 0 152.6
3 1 155.0
39 2 157.9
27 0 158.0
4 1 162.3
26 0 164.8
38 2 165.8
5 1 169.6
25 0 171.2
37 2 174.5
6 1 176.6
24 0 177.7
23 0 182.3
7 1 182.9
40 2 186.6
22 0 188.2
8 1 189.2
41 2 194.4
9 1 196.2
21 0 198.6
10 1 201.5
43 2 204.3
20 0 205.5
11 1 207.6
19 0 211.8
13 1 214.3
42 2 217.4
18 0 217.8
12 1 223.0
17 0 224.2
34 2 226.8
15 0 230.5
36 1 237.6
16 0 237.9
35 1 244.1
14 2 249.8
46 1 262.2
42 0 265.6
47 1 268.7
41 0 271.6
48 1 274.4
60 1 281.3
55 0 302.8
49 1 306.4
62 0 322.7
61 0 328.7
