1 0 4.5
12 3 5.3
22 1 5.5
53 2 8.0
2 0 10.2
23 1 11.6
11 3 11.8
52 2 17.1
24 1 17.2
69 0 17.5
10 3 18.9
70 0 23.5
25 1 24.0
9 3 25.0
51 2 25.1
71 0 29.4
26 1 30.9
8 3 32.2
50 2 34.1
72 0 35.6
27 1 37.7
36 3 41.0
73 0 42.1
49 2 42.9
28 1 44.0
74 0 47.5
35 3 48.3
29 1 50.3
48 2 51.2
63 0 52.2
34 3 55.7
62 0 57.5
61 0 63.6
42 3 64.8
41 3 71.9
64 0 74.9
30 1 79.7
43 3 80.6
68 0 80.8
54 2 84.4
31 1 85.9
67 0 86.7
40 3 91.6
32 1 92.7
77 2 94.1
65 0 97.4
39 3 98.0
33 1 102.6
66 0 103.3
76 2 103.4
34 1 109.2
72 2 111.2
42 1 116.6
73 2 120.3
41 1 123.0
40 0 123.7
71 2 132.1
18 3 137.7
