1 0 4.1
2 0 9.7
69 0 17.0
70 0 22.9
71 0 28.9
72 0 35.3
73 0 41.6
75 0 48.0
56 0 54.4
55 0 61.4
57 0 70.7
58 0 75.8
60 0 81.9
48 0 88.2
47 0 94.1
46 0 100.2
27 0 106.0
26 0 112.8
25 0 119.0
24 0 125.6
23 0 130.5
22 0 136.4
21 0 146.6
20 0 153.7
19 0 159.6
18 0 165.7
17 0 172.4
15 0 178.7
14 0 184.6
16 0 194.3
34 0 211.5
33 0 218.6
31 0 225.2
32 0 231.5
30 0 241.2
29 0 246.4
28 0 252.6
45 0 265.6
44 0 271.3
59 0 281.1
49 0 295.1
50 0 300.8
51 0 307.2
52 0 312.0
53 0 318.6
54 0 329.5
77 0 336.4
76 0 343.2
74 0 352.6
63 0 357.6
62 0 362.9
61 0 369.0
64 0 380.4
68 0 386.2
67 0 392.1
65 0 403.0
66 0 408.8
39 0 414.9
38 0 420.2
37 0 425.9
40 0 435.6
41 0 440.5
43 0 447.4
