1 0 4.3
22 1 5.8
53 2 7.9
2 0 10.0
23 1 11.7
52 2 16.8
69 0 17.2
24 1 17.3
70 0 23.2
21 1 24.2
54 2 27.0
71 0 29.1
20 1 31.3
72 0 35.3
77 2 36.5
19 1 37.9
73 0 41.8
18 1 44.3
76 2 46.0
17 1 51.4
77 0 53.2
15 1 57.7
54 0 59.9
14 1 64.3
52 0 67.0
16 1 73.6
51 0 77.2
50 0 83.3
62 2 85.9
34 1 88.5
49 0 89.3
61 2 94.6
48 0 94.9
33 1 95.2
47 0 99.4
31 1 101.8
46 0 106.0
32 1 108.9
27 0 112.0
30 1 118.0
26 0 118.6
42 2 120.2
29 1 124.0
25 0 125.0
34 2 129.5
45 1 131.0
24 0 131.6
23 0 136.4
44 1 137.4
33 2 139.3
22 0 142.2
59 1 146.5
31 2 148.4
58 1 152.4
32 2 157.9
60 1 159.1
28 0 161.6
48 1 165.7
29 0 167.6
30 2 169.6
49 1 172.2
45 0 174.0
29 2 177.8
50 1 178.3
44 0 179.3
51 1 185.0
59 0 189.4
52 1 190.7
58 0 194.9
18 2 197.4
53 1 197.6
57 0 200.5
56 0 205.7
17 2 206.8
54 1 207.8
75 0 212.2
77 1 214.9
15 2 215.7
76 1 221.9
16 2 224.6
72 1 227.4
73 1 234.0
14 2 236.2
3 0 237.4
74 1 240.1
4 0 244.9
63 1 245.3
5 0 251.9
62 1 252.0
19 2 252.6
61 1 258.2
6 0 258.7
20 2 261.5
7 0 264.5
64 1 268.9
8 0 270.3
21 2 271.2
68 1 274.7
9 0 276.6
24 2 280.1
67 1 281.2
10 0 281.6
11 0 287.1
65 1 291.5
66 1 297.9
35 2 303.5
39 1 304.4
38 1 310.3
36 2 312.3
37 1 316.4
43 0 317.6
8 2 322.4
40 1 326.0
39 0 329.7
41 1 331.3
