16 0 6.0
29 3 6.8
2 1 6.8
72 2 9.3
15 0 11.4
28 3 13.4
3 1 13.8
76 2 17.3
17 0 17.8
27 3 19.9
4 1 21.3
18 0 24.3
77 2 26.1
46 3 27.2
5 1 28.5
34 0 32.6
47 3 34.8
6 1 35.5
54 2 35.6
42 0 39.6
48 3 41.0
7 1 41.8
52 2 45.4
41 0 45.8
49 3 47.9
8 1 48.0
43 0 53.2
50 3 54.9
53 2 55.5
10 1 56.0
11 1 62.0
51 3 62.5
40 0 63.0
39 0 68.4
12 1 68.7
38 0 72.6
58 3 74.3
13 1 77.5
37 0 78.9
71 2 79.7
59 3 81.2
70 2 88.4
66 0 89.3
45 3 89.5
36 1 92.1
65 0 95.4
69 2 97.1
35 1 98.5
30 3 99.5
64 0 101.0
34 1 105.0
31 3 106.3
68 0 106.5
2 2 106.5
67 0 112.6
32 3 114.5
18 1 115.2
17 1 122.0
1 2 124.7
63 0 125.5
33 3 125.5
15 1 128.4
74 0 130.4
34 3 133.1
16 1 135.1
73 0 135.3
3 2 136.8
72 0 141.3
14 1 144.1
4 2 146.8
5 2 156.5
26 3 156.9
19 1 157.4
51 0 158.9
20 1 163.9
25 3 164.5
50 0 165.5
6 2 165.9
21 1 171.2
49 0 171.4
24 3 172.3
7 2 174.7
48 0 177.1
23 3 178.6
8 2 183.3
22 3 185.2
42 1 193.2
41 1 199.7
39 1 207.1
35 0 208.9
53 3 213.9
36 0 214.9
8 0 222.5
68 1 223.0
75 2 225.9
67 1 229.1
56 2 234.8
44 3 250.5
33 1 253.2
31 1 260.0
26 1 274.2
68 2 279.0
25 0 279.2
24 1 283.5
67 2 287.9
75 3 289.6
73 3 297.2
62 2 302.6
44 1 302.9
61 2 311.4
