1 0 4.7
22 1 6.0
53 2 7.9
2 0 10.4
23 1 11.9
52 2 16.8
24 1 17.5
69 0 17.6
70 0 23.6
21 1 24.4
54 2 26.9
71 0 29.7
20 1 31.5
72 0 35.9
77 2 36.5
19 1 38.0
18 1 44.4
76 2 46.0
74 0 46.6
63 0 51.4
17 1 51.5
75 2 55.3
62 0 56.9
15 1 58.0
61 0 62.9
56 2 64.0
14 1 64.6
57 2 72.7
16 1 73.8
64 0 74.4
68 0 80.1
58 2 80.7
67 0 86.1
34 1 88.8
60 2 89.9
42 1 95.8
65 0 96.9
48 2 99.0
41 1 102.2
66 0 102.8
47 2 107.6
39 0 109.0
46 2 116.5
40 1 116.8
39 1 122.2
27 2 125.2
28 2 134.5
9 0 136.6
10 0 141.6
29 2 142.7
32 1 146.2
11 0 147.1
59 2 152.7
12 0 153.2
30 1 154.9
29 1 160.7
49 2 167.7
50 2 176.2
51 2 185.3
43 1 189.3
35 1 225.5
55 2 228.5
36 1 231.7
8 1 239.6
7 1 246.6
38 0 249.7
6 1 252.1
44 2 253.0
37 0 255.5
5 1 257.6
26 2 270.6
13 1 279.8
25 2 279.8
