1 0 4.3
22 1 5.3
53 2 7.5
2 0 9.9
23 1 11.4
52 2 16.6
24 1 17.0
69 0 17.3
70 0 23.3
21 1 24.0
54 2 26.6
71 0 29.3
20 1 30.8
72 0 35.3
77 2 36.4
19 1 37.5
18 1 43.8
76 2 45.6
17 1 51.1
72 2 53.4
15 1 57.4
3 0 58.2
14 1 64.1
75 2 65.2
4 0 65.5
5 0 72.6
16 1 73.4
56 2 74.2
6 0 79.3
7 0 85.4
34 1 88.2
47 2 90.7
8 0 90.9
33 1 95.7
9 0 97.4
46 2 99.9
31 1 102.1
10 0 102.2
11 0 107.8
27 2 108.5
32 1 109.0
13 0 113.6
26 2 121.6
12 0 122.7
42 1 126.5
25 2 130.8
41 1 132.9
36 0 139.8
35 0 145.8
28 2 146.4
62 1 150.1
34 0 151.8
29 2 155.3
61 1 156.5
33 0 158.8
31 0 165.5
74 1 167.1
73 1 172.2
30 0 174.7
29 0 180.2
45 0 186.3
3 1 190.9
74 2 193.2
59 0 193.9
4 1 198.2
58 0 199.3
63 2 200.9
5 1 205.5
6 1 212.5
7 1 218.7
55 2 223.2
8 1 225.0
42 0 227.2
9 1 232.2
41 0 233.1
10 1 237.3
40 0 238.1
49 2 243.2
11 1 243.7
39 0 243.7
38 0 248.2
12 1 250.5
50 2 251.4
37 0 254.3
13 1 259.0
51 2 260.8
66 0 264.7
65 0 270.8
36 1 273.7
64 0 276.6
35 1 279.9
63 0 282.6
44 2 288.2
62 0 288.5
61 0 294.2
45 1 300.2
44 1 306.4
68 0 307.6
67 0 313.8
29 1 314.6
30 2 332.5
