1 0 4.3
22 1 5.7
53 2 7.6
2 0 10.1
23 1 11.7
52 2 16.6
24 1 17.3
69 0 17.3
70 0 23.3
21 1 24.2
50 2 27.1
71 0 29.2
20 1 31.3
72 0 35.5
49 2 35.5
19 1 37.7
73 0 41.9
48 2 44.1
18 1 44.1
74 0 47.5
17 1 51.3
63 0 52.2
60 2 53.8
15 1 57.8
58 2 62.3
62 0 62.3
16 1 64.5
61 0 68.4
14 1 73.5
47 2 75.3
75 0 83.3
46 2 84.3
34 1 88.4
56 0 89.7
27 2 93.1
35 1 95.3
57 0 95.6
58 0 100.6
36 1 101.7
26 2 102.6
8 1 109.3
25 2 111.8
55 0 111.9
9 1 116.0
24 2 121.2
10 1 121.6
11 1 127.7
76 0 130.0
22 2 131.3
13 1 134.2
77 0 136.4
23 2 140.5
12 1 143.1
54 0 143.3
52 0 150.5
21 2 150.5
7 1 156.4
20 2 160.2
6 1 162.7
19 2 169.0
5 1 169.5
4 1 176.9
18 2 177.8
3 1 184.5
2 1 191.6
14 2 192.3
64 0 208.8
34 2 210.9
68 0 214.1
60 1 216.8
67 0 219.9
35 2 220.4
48 1 223.6
36 2 229.6
65 0 231.5
66 0 237.3
8 2 239.9
59 1 243.2
39 0 243.9
45 1 250.1
33 2 252.9
38 0 257.3
29 1 261.4
32 2 261.5
37 0 263.0
40 0 272.6
30 1 276.1
31 1 282.0
41 2 289.5
28 1 292.4
7 0 296.9
27 1 298.1
43 2 299.3
6 0 302.7
5 0 309.3
40 2 313.1
4 0 316.2
3 0 323.6
42 2 330.7
30 2 353.6
42 1 355.5
29 2 361.9
41 1 362.0
43 1 369.9
28 2 371.4
40 1 380.2
39 1 385.8
45 2 385.8
38 1 392.0
59 2 396.2
37 1 398.0
66 1 408.7
65 1 414.7
64 1 421.0
