41 0 4.6
14 1 5.5
42 0 10.2
15 1 12.3
34 0 17.0
16 1 18.6
33 0 23.7
17 1 27.6
31 0 30.4
18 1 34.1
32 0 36.9
34 1 42.6
30 0 48.7
29 0 54.0
29 1 60.5
26 0 65.5
28 1 66.4
25 0 72.0
27 1 72.4
24 0 78.5
23 0 83.1
21 1 86.5
22 0 89.2
20 1 93.6
19 1 100.2
46 0 108.8
35 1 112.8
47 0 115.4
36 1 119.2
48 0 120.4
49 0 126.2
8 1 126.9
50 0 132.0
9 1 133.4
51 0 138.3
10 1 139.1
52 0 143.3
11 1 145.1
53 0 149.8
12 1 151.9
13 1 160.5
54 0 160.8
77 0 167.7
7 1 173.9
76 0 174.4
72 0 179.1
6 1 180.2
71 0 185.8
5 1 187.1
70 0 191.5
4 1 194.3
69 0 197.4
3 1 201.8
2 0 204.0
2 1 209.5
1 1 215.9
73 0 222.4
74 0 227.8
63 0 232.6
62 0 243.8
64 1 246.1
75 0 249.2
68 1 251.9
55 0 255.4
67 1 258.4
56 0 262.5
57 0 267.7
65 1 268.9
58 0 273.0
66 1 275.0
60 0 279.2
39 1 281.6
38 1 287.3
37 1 293.6
59 0 293.8
45 0 301.1
