1 0 4.7
22 1 6.1
53 2 8.3
2 0 10.4
23 1 12.1
52 2 17.3
24 1 17.6
69 0 17.7
70 0 23.6
25 1 24.6
51 2 25.5
71 0 29.7
26 1 31.4
50 2 34.3
72 0 35.8
27 1 38.2
73 0 42.3
49 2 43.0
28 1 44.6
75 0 48.7
29 1 50.9
48 2 51.4
56 0 55.0
30 1 60.0
55 0 62.1
60 2 62.9
31 1 66.1
32 1 72.7
49 0 82.5
33 1 82.6
50 0 88.5
34 1 89.2
51 0 94.8
52 0 99.9
17 1 101.9
54 0 107.1
15 1 108.4
77 0 114.1
16 1 115.3
56 2 118.6
76 0 120.9
14 1 124.0
74 0 131.7
63 0 136.6
65 0 145.2
9 1 148.7
34 2 150.8
66 0 151.1
10 1 154.3
39 0 157.4
35 2 160.2
11 1 160.4
38 0 162.7
13 1 167.0
37 0 168.2
36 2 169.0
12 1 175.8
40 0 177.6
8 2 179.2
41 0 182.6
7 1 189.0
43 0 189.5
6 1 195.4
18 2 198.4
42 0 200.6
5 1 202.4
34 0 207.3
17 2 207.8
4 1 209.6
15 2 216.7
3 1 216.9
2 1 224.4
28 0 224.9
16 2 225.6
27 0 230.5
46 0 236.2
14 2 237.3
47 0 242.8
65 1 246.2
66 1 252.5
19 2 253.6
39 1 259.0
20 2 262.6
38 1 264.8
37 1 271.0
21 2 272.3
24 2 281.1
62 1 299.3
61 1 305.5
45 0 309.8
44 2 315.1
