32 0 4.5
37 1 5.6
72 3 5.9
52 2 8.0
31 0 10.8
38 1 12.2
73 3 12.7
51 2 15.3
33 0 17.2
39 1 17.3
40 1 23.5
71 3 23.7
34 0 23.7
50 2 24.5
41 1 28.9
70 3 30.6
42 0 30.9
49 2 33.4
69 3 37.7
48 2 41.8
2 3 45.5
35 1 47.1
18 0 49.8
47 2 50.4
36 1 53.4
1 3 53.7
17 0 56.5
46 2 59.2
8 1 61.1
15 0 62.7
3 3 65.3
27 2 68.1
14 0 68.6
4 3 73.8
28 2 77.2
16 0 78.3
19 1 78.9
5 3 82.0
20 1 85.2
29 2 85.4
6 3 90.0
21 1 92.4
7 3 97.1
24 1 98.9
26 2 98.9
8 3 104.0
25 2 107.5
9 3 111.6
41 0 115.6
10 3 117.5
40 0 120.4
30 2 123.2
43 1 123.9
11 3 124.2
39 0 126.1
12 3 131.6
31 2 131.8
66 1 137.3
13 3 141.6
65 1 143.7
45 2 144.9
