1 0 4.2
22 1 5.2
2 0 9.9
23 1 11.2
24 1 16.9
69 0 17.1
70 0 23.2
21 1 23.7
71 0 29.2
20 1 30.8
72 0 35.4
19 1 37.4
73 0 41.9
18 1 43.7
74 0 47.3
17 1 50.9
63 0 52.0
62 0 57.1
15 1 57.2
61 0 63.2
14 1 63.9
16 1 73.2
64 0 74.7
68 0 80.5
67 0 86.3
34 1 88.0
33 1 95.2
65 0 97.2
31 1 102.0
66 0 103.0
32 1 109.0
39 0 109.2
38 0 114.5
30 1 118.2
37 0 120.1
29 1 124.0
40 0 129.6
28 1 130.7
41 0 134.6
27 1 136.5
43 0 141.6
46 1 143.2
47 1 149.8
42 0 152.5
48 1 155.4
34 0 159.3
49 1 161.7
18 0 167.8
50 1 168.0
17 0 174.5
51 1 174.8
52 1 180.4
15 0 180.6
16 0 186.9
53 1 187.4
14 0 196.1
54 1 197.7
77 1 204.7
19 0 211.4
76 1 211.7
72 1 217.2
20 0 217.6
71 1 224.3
21 0 224.5
70 1 230.4
24 0 230.6
23 0 236.2
69 1 236.9
22 0 241.7
2 1 243.7
1 1 251.1
25 0 252.2
26 0 258.6
3 1 260.6
27 0 265.2
4 1 268.0
28 0 270.7
5 1 275.2
29 0 276.7
6 1 282.3
46 0 287.6
7 1 288.5
47 0 293.8
8 1 294.8
48 0 299.0
9 1 301.8
60 0 305.2
10 1 307.2
58 0 311.4
11 1 313.2
57 0 317.1
