27 0 4.1
11 1 5.2
73 2 7.6
46 0 9.5
13 1 11.3
47 0 15.9
74 2 20.2
12 1 20.3
48 0 21.1
49 0 27.0
63 2 28.0
10 1 28.4
50 0 32.5
9 1 34.1
62 2 36.8
51 0 39.0
8 1 40.3
52 0 43.9
61 2 45.4
36 1 48.4
53 0 50.3
35 1 54.6
64 2 58.9
34 1 61.1
54 0 61.2
68 2 67.4
77 0 68.0
42 1 69.0
76 0 74.9
41 1 75.0
67 2 76.0
72 0 79.8
43 1 82.7
40 1 92.1
75 0 93.7
39 1 97.8
76 2 98.2
56 0 100.0
38 1 103.8
55 0 107.1
77 2 107.2
37 1 109.8
57 0 116.2
54 2 116.8
66 1 119.9
58 0 121.6
65 1 126.2
52 2 126.7
60 0 127.6
64 1 132.5
68 1 139.1
59 0 142.4
67 1 145.2
45 0 149.5
