31 0 4.0
33 0 10.6
34 0 16.7
18 0 25.4
17 0 32.1
15 0 38.2
14 0 44.1
16 0 53.9
19 0 68.9
20 0 74.9
21 0 81.9
24 0 88.1
23 0 94.1
22 0 99.5
25 0 109.7
26 0 116.3
27 0 122.7
28 0 128.5
29 0 134.3
46 0 145.2
47 0 151.6
48 0 156.6
60 0 163.0
58 0 168.8
57 0 174.7
56 0 179.9
55 0 186.5
75 0 197.1
73 0 203.5
72 0 209.8
74 0 217.6
63 0 222.6
62 0 227.9
61 0 234.0
64 0 245.4
68 0 251.3
67 0 257.1
65 0 268.0
66 0 273.7
39 0 280.0
38 0 285.7
37 0 290.9
40 0 300.5
41 0 305.4
43 0 312.4
42 0 323.5
35 0 333.4
36 0 339.3
8 0 346.9
9 0 353.1
10 0 357.9
11 0 363.5
13 0 369.6
12 0 378.6
7 0 393.8
6 0 399.8
5 0 406.4
4 0 413.4
3 0 420.9
2 0 427.9
1 0 434.5
69 0 444.7
70 0 450.7
71 0 456.7
76 0 465.1
77 0 471.3
54 0 478.1
52 0 485.1
53 0 492.3
51 0 501.0
50 0 507.2
49 0 512.8
59 0 526.6
45 0 533.8
44 0 540.0
30 0 550.7
