1 0 4.2
22 1 5.6
53 2 7.6
2 0 9.8
23 1 11.5
52 2 16.7
69 0 17.1
24 1 17.2
70 0 23.1
21 1 24.2
51 2 25.0
71 0 29.1
20 1 31.1
50 2 33.8
72 0 35.3
19 1 37.6
73 0 41.8
49 2 42.3
18 1 44.2
76 0 50.0
48 2 50.8
17 1 51.2
77 0 56.1
15 1 57.6
60 2 60.3
54 0 63.1
16 1 64.4
58 2 69.1
52 0 70.3
14 1 73.4
53 0 77.1
47 2 82.1
51 0 85.8
34 1 88.4
46 2 91.0
50 0 91.9
33 1 95.2
49 0 98.0
27 2 99.8
31 1 101.6
48 0 103.5
47 0 108.4
32 1 108.7
28 2 109.0
46 0 115.0
29 2 117.1
30 1 118.0
27 0 120.9
29 1 124.1
26 0 127.4
25 0 134.0
24 0 140.4
26 2 141.6
23 0 145.6
35 1 146.8
25 2 150.7
22 0 151.3
36 1 153.3
24 2 160.0
8 1 161.0
9 1 167.5
10 1 173.2
28 0 174.8
11 1 179.3
29 0 180.4
12 1 186.1
13 1 194.6
57 0 195.7
62 2 199.5
56 0 200.6
55 0 207.4
61 2 208.0
7 1 208.1
6 1 214.3
75 0 217.9
5 1 221.2
64 2 221.6
74 0 226.0
4 1 228.5
68 2 230.1
63 0 231.0
3 1 235.9
64 0 238.0
67 2 238.7
2 1 243.2
68 0 243.7
67 0 249.5
1 1 250.3
65 0 260.5
66 0 266.2
39 0 272.5
30 2 272.7
65 1 274.3
38 0 277.7
66 1 280.6
31 2 280.7
37 0 283.3
39 1 287.3
32 2 291.0
40 0 297.3
41 0 302.2
42 0 308.1
75 1 308.9
34 0 314.8
56 1 315.4
44 2 317.4
57 1 322.2
58 1 327.6
