1 0 4.9
22 1 5.7
12 3 6.2
53 2 8.5
2 0 10.6
23 1 11.7
11 3 12.7
24 1 17.4
52 2 17.4
69 0 17.8
10 3 19.7
70 0 23.7
25 1 24.3
9 3 25.8
54 2 27.5
71 0 29.8
26 1 31.1
8 3 32.9
72 0 35.9
77 2 37.1
27 1 37.9
36 3 41.9
46 1 44.6
76 2 46.6
35 3 49.1
74 0 50.7
47 1 51.3
63 0 55.4
75 2 55.9
34 3 56.5
48 1 57.0
64 0 61.4
60 1 63.9
56 2 64.7
42 3 65.6
68 0 67.1
58 1 70.2
41 3 72.8
67 0 72.9
59 1 78.8
43 3 81.5
65 0 83.7
74 2 85.4
45 1 85.9
66 0 89.5
63 2 93.2
39 0 95.7
29 1 96.8
40 3 97.4
38 0 101.1
62 2 102.0
44 1 103.0
