1 0 4.5
22 1 6.1
53 2 8.1
2 0 10.3
23 1 12.0
52 2 17.1
69 0 17.4
24 1 17.7
70 0 23.5
25 1 24.5
51 2 25.3
71 0 29.4
26 1 31.4
50 2 34.1
72 0 35.7
27 1 38.2
73 0 42.1
49 2 42.9
28 1 47.2
76 0 50.0
48 2 51.3
29 1 53.5
77 0 56.6
30 1 59.4
54 0 63.4
31 1 65.6
52 0 70.6
32 1 72.6
51 0 78.2
59 2 82.1
33 1 82.3
50 0 84.4
34 1 89.0
49 0 90.2
45 2 91.8
48 0 95.8
35 1 95.8
36 1 102.4
26 2 107.8
8 1 110.2
75 0 112.0
7 1 116.6
25 2 116.9
74 0 119.9
6 1 123.0
63 0 124.9
24 2 126.3
5 1 130.0
4 1 137.2
55 0 142.8
3 1 144.5
14 2 149.9
2 1 152.0
47 0 161.9
46 0 168.2
9 1 173.5
27 0 174.1
10 1 178.9
11 1 184.9
45 0 186.1
13 1 191.6
40 2 194.6
12 1 200.5
39 2 202.7
38 2 210.8
37 2 219.4
64 0 243.4
68 0 249.1
16 2 249.1
67 0 255.0
45 1 261.3
62 0 271.8
61 0 277.6
66 2 278.1
21 1 285.8
65 2 286.8
20 1 293.1
66 0 294.5
63 2 297.5
19 1 299.5
39 0 300.5
38 0 305.7
18 1 305.9
62 2 306.5
37 0 311.2
61 2 315.2
42 0 325.0
74 2 328.3
34 0 331.8
73 2 335.6
17 0 343.6
77 2 348.7
15 0 349.8
16 0 355.9
54 2 358.3
46 1 361.2
47 1 367.3
48 1 373.1
76 2 377.5
43 0 383.8
68 2 394.2
67 2 403.1
65 0 410.7
17 1 414.8
15 1 421.2
16 1 428.0
75 2 430.8
14 1 437.0
56 2 440.0
55 2 449.7
57 2 461.5
53 0 485.3
60 1 485.4
58 1 491.7
49 1 502.3
71 2 504.8
50 1 508.3
70 2 513.6
51 1 515.2
52 1 520.8
69 2 522.3
3 0 527.3
53 1 527.9
2 2 531.7
4 0 534.5
54 1 537.9
5 0 541.5
1 2 541.5
77 1 545.0
6 0 548.3
76 1 551.9
3 2 553.8
7 0 554.1
