34 0 4.0
35 0 10.8
36 0 16.4
8 0 23.9
9 0 30.1
10 0 35.1
11 0 40.5
13 0 46.8
12 0 55.7
7 0 71.1
6 0 76.7
5 0 83.4
4 0 90.4
3 0 97.9
2 0 105.2
1 0 111.6
69 0 121.7
70 0 127.8
71 0 133.7
72 0 140.1
73 0 146.6
75 0 153.0
56 0 159.3
55 0 166.1
57 0 175.4
58 0 180.9
60 0 186.9
48 0 193.0
49 0 198.7
50 0 204.8
51 0 211.0
52 0 216.2
53 0 223.1
54 0 234.6
77 0 241.3
76 0 248.1
74 0 257.9
63 0 263.0
62 0 268.3
61 0 274.9
64 0 286.3
68 0 292.2
65 0 306.2
66 0 312.3
39 0 318.6
38 0 324.0
37 0 329.5
40 0 339.3
41 0 345.3
43 0 351.7
42 0 363.0
18 0 375.3
17 0 382.6
15 0 388.5
14 0 395.1
16 0 404.9
19 0 420.2
20 0 426.5
21 0 433.5
24 0 439.5
23 0 445.8
25 0 458.7
26 0 465.2
27 0 471.9
28 0 477.5
29 0 483.3
45 0 489.8
