1 0 5.1
22 1 8.3
2 0 10.8
53 2 12.0
23 1 14.3
3 0 18.3
24 1 19.8
52 2 21.1
4 0 25.7
25 1 26.7
54 2 31.1
5 0 32.7
26 1 33.5
6 0 39.5
27 1 40.5
77 2 40.8
7 0 45.4
28 1 46.7
76 2 50.1
8 0 51.0
29 1 53.0
9 0 57.5
72 2 57.9
30 1 59.2
10 0 62.3
31 1 65.5
73 2 66.9
11 0 67.9
32 1 72.3
13 0 73.7
71 2 78.9
33 1 82.1
12 0 82.7
70 2 87.6
34 1 88.9
35 1 95.7
69 2 96.2
36 0 99.9
2 2 105.7
35 0 105.9
8 1 105.9
34 0 112.1
1 2 115.5
3 2 127.8
36 1 128.5
18 0 128.5
4 2 137.5
40 1 143.3
5 2 147.2
39 1 148.8
45 0 150.9
66 1 155.7
44 0 156.2
6 2 156.6
65 1 161.9
7 2 165.4
59 0 166.2
64 1 168.1
58 0 171.6
8 2 174.0
68 1 174.9
57 0 177.2
67 1 181.0
56 0 182.6
9 2 183.5
63 1 190.8
10 2 191.1
72 0 195.0
62 1 197.3
11 2 199.7
71 0 201.5
61 1 203.6
70 0 207.5
13 2 208.8
69 0 213.5
74 1 214.1
73 1 219.1
12 2 220.0
76 1 227.5
77 1 233.7
36 2 237.9
54 1 240.8
55 0 245.2
35 2 246.5
52 1 248.3
34 2 255.6
60 0 259.3
42 2 265.4
48 0 265.4
75 1 267.5
49 0 271.1
56 1 273.7
41 2 274.2
50 0 277.2
51 0 283.6
43 2 284.2
52 0 288.5
38 1 294.6
53 0 295.1
40 2 296.6
37 1 300.6
39 2 304.5
47 0 313.4
46 0 319.3
27 0 325.3
17 1 328.8
15 2 335.6
19 1 341.7
14 2 343.7
20 1 348.2
42 0 348.3
41 0 354.5
21 1 355.3
16 2 355.4
43 0 361.9
40 0 372.2
39 0 377.4
16 1 391.3
14 1 400.3
19 0 403.2
20 0 409.4
19 2 416.1
21 0 416.4
24 0 422.3
20 2 425.2
45 1 425.5
59 1 436.4
17 0 441.6
58 1 442.4
15 0 447.9
55 1 452.8
60 1 465.5
48 1 472.0
49 1 478.6
50 1 484.7
51 1 491.5
46 1 507.7
