56 0 5.1
2 1 6.2
53 3 6.3
18 2 8.2
75 0 11.4
1 1 13.1
52 3 13.6
19 2 16.6
73 0 17.6
3 1 22.5
54 3 22.5
72 0 23.9
20 2 25.6
4 1 29.8
71 0 30.2
77 3 30.7
21 2 35.3
70 0 36.1
5 1 37.1
76 3 38.6
69 0 42.1
24 2 44.0
6 1 44.1
72 3 44.3
2 0 48.6
7 1 50.4
23 2 52.9
8 1 56.6
3 0 58.9
22 2 60.9
9 1 63.6
4 0 66.2
10 1 69.0
51 3 70.2
5 0 73.3
25 2 73.7
11 1 75.0
50 3 77.9
6 0 80.1
13 1 81.7
26 2 82.8
49 3 85.1
7 0 85.9
12 1 90.6
8 0 91.7
48 3 91.8
27 2 92.3
36 0 99.2
60 3 101.3
28 2 102.3
35 0 105.2
29 2 111.1
34 0 111.4
32 2 131.1
43 1 132.8
71 3 137.7
41 1 141.3
9 0 144.2
70 3 144.7
10 0 149.1
69 3 151.8
11 0 154.7
2 3 159.7
16 1 161.7
14 1 170.7
46 2 176.9
33 0 178.3
31 0 185.0
47 2 186.2
9 3 187.7
10 3 193.5
48 2 194.1
18 0 199.3
11 3 200.3
63 1 201.2
60 2 203.6
17 0 206.2
62 1 207.6
12 3 207.8
15 0 212.2
58 2 212.4
61 1 213.8
57 2 221.2
73 1 225.1
16 0 227.0
56 2 229.2
76 1 233.2
14 0 235.9
55 2 238.6
77 1 239.6
42 3 245.6
54 1 246.7
41 3 252.6
52 1 254.1
59 2 254.4
51 1 259.9
45 2 263.7
66 3 264.2
