1 0 4.5
22 1 5.9
53 2 7.9
2 0 10.1
23 1 11.9
52 2 16.9
69 0 17.3
24 1 17.6
70 0 23.3
25 1 24.4
51 2 25.2
71 0 29.3
26 1 31.3
50 2 34.0
72 0 35.6
27 1 38.1
73 0 42.0
49 2 42.7
28 1 47.8
76 0 49.8
48 2 51.2
29 1 54.1
77 0 56.4
30 1 60.1
54 0 63.3
59 2 64.7
31 1 66.3
52 0 70.5
32 1 73.2
45 2 74.4
53 0 77.5
33 1 83.0
57 2 88.5
34 1 89.6
56 2 96.4
35 1 96.5
36 1 103.1
74 0 103.1
75 2 106.0
63 0 108.0
8 1 110.7
64 0 114.0
73 2 115.1
7 1 117.3
65 0 119.7
6 1 123.6
66 0 125.7
5 1 130.6
39 0 132.0
4 1 137.8
40 0 139.6
26 2 143.7
3 1 145.2
2 1 152.6
25 2 152.9
24 2 162.3
14 0 164.5
9 1 174.1
16 0 174.2
10 1 179.5
11 1 185.6
14 2 186.0
12 1 192.4
13 1 201.0
38 0 204.6
37 0 210.5
43 2 212.8
39 2 227.4
38 2 234.3
45 0 242.8
37 2 243.1
60 0 255.1
66 2 255.8
48 0 261.2
65 2 264.5
49 0 267.1
18 1 270.0
50 0 273.0
64 2 273.0
17 1 277.2
51 0 279.3
68 2 282.6
15 1 283.5
14 1 290.0
67 2 291.0
57 0 301.7
56 0 306.8
55 0 313.6
46 1 318.8
47 1 325.4
48 1 331.0
62 2 333.9
44 0 334.0
49 1 337.4
61 2 342.5
50 1 343.6
51 1 350.5
52 1 356.0
44 1 378.7
60 1 406.9
3 0 409.4
58 1 413.1
4 0 416.8
5 0 423.8
44 2 426.7
6 0 430.7
7 0 436.5
8 0 442.3
9 0 449.0
21 1 451.1
10 0 453.7
20 1 458.3
11 0 459.3
19 1 465.0
13 0 466.2
12 0 475.2
