1 0 4.2
2 0 9.8
3 0 17.5
4 0 24.7
5 0 31.7
6 0 38.6
7 0 44.5
8 0 50.3
9 0 56.7
10 0 61.3
11 0 66.9
12 0 73.2
13 0 81.8
36 0 98.9
35 0 104.9
34 0 111.1
42 0 118.9
41 0 125.0
43 0 132.5
40 0 142.6
39 0 147.7
38 0 152.0
37 0 158.1
66 0 168.6
65 0 174.6
64 0 180.5
68 0 185.9
67 0 192.0
63 0 202.7
62 0 208.8
61 0 214.3
74 0 225.4
73 0 230.1
72 0 235.8
76 0 241.5
77 0 247.6
54 0 254.4
52 0 261.5
53 0 268.5
51 0 277.3
50 0 283.4
49 0 289.2
48 0 294.7
60 0 301.2
58 0 307.0
59 0 312.5
45 0 319.9
44 0 326.1
29 0 334.4
28 0 340.4
27 0 345.9
30 0 356.3
31 0 361.8
32 0 368.2
33 0 378.7
18 0 389.7
17 0 396.4
15 0 402.3
14 0 408.5
16 0 418.1
19 0 433.2
20 0 439.5
21 0 446.5
24 0 452.4
23 0 458.3
22 0 463.7
25 0 473.9
26 0 480.4
46 0 489.7
47 0 496.1
57 0 509.3
56 0 514.5
55 0 521.6
