1 0 4.1
22 1 5.6
53 2 7.7
2 0 9.8
23 1 11.5
52 2 16.6
69 0 17.0
24 1 17.2
70 0 23.0
25 1 24.1
54 2 26.7
71 0 29.1
26 1 30.9
72 0 35.4
77 2 36.4
27 1 37.9
46 1 44.6
76 2 45.9
73 0 50.0
47 1 51.0
72 2 53.4
74 0 55.2
48 1 56.8
63 0 59.9
60 1 63.8
62 0 65.1
58 1 70.1
61 0 71.3
3 2 73.1
59 1 82.4
4 2 83.0
64 0 86.6
45 1 89.4
68 0 92.2
5 2 92.7
29 1 96.2
67 0 98.3
6 2 102.1
30 1 102.9
31 1 108.7
65 0 108.9
7 2 110.8
66 0 114.7
8 2 119.5
42 1 120.8
39 0 121.0
38 0 126.4
41 1 127.3
37 0 131.9
13 2 134.0
18 1 140.5
40 0 141.5
41 0 146.5
17 1 147.4
36 2 151.9
15 1 153.8
35 2 160.6
14 1 163.9
9 0 168.8
34 2 169.8
16 1 172.9
10 0 173.7
11 0 179.3
32 2 184.8
12 0 185.6
45 2 204.7
49 1 209.3
50 1 215.5
43 0 218.6
51 1 222.2
75 2 222.4
52 1 227.8
73 2 231.5
57 1 245.2
55 2 246.4
56 1 251.0
28 2 269.0
76 0 273.6
27 2 277.3
19 1 279.4
77 0 279.7
20 1 285.8
54 0 286.6
20 2 291.9
21 1 293.7
52 0 293.9
19 2 300.0
18 2 308.2
17 2 317.6
3 0 319.9
15 2 326.5
4 0 327.4
5 0 334.3
14 2 335.4
6 0 341.2
7 0 347.1
16 2 347.4
