1 0 4.4
22 1 5.7
53 2 7.6
2 0 10.2
23 1 11.8
52 2 16.6
24 1 17.3
3 0 17.7
21 1 24.1
4 0 25.0
54 2 26.7
20 1 31.2
5 0 32.0
77 2 36.5
19 1 37.8
6 0 38.7
18 1 44.4
7 0 44.9
76 2 45.8
8 0 50.5
17 1 51.7
72 2 53.5
9 0 57.3
15 1 58.3
10 0 62.3
73 2 63.1
11 0 67.8
75 2 72.4
13 0 76.5
14 1 77.2
56 2 81.3
12 0 85.3
16 1 86.6
55 2 91.1
34 1 101.5
36 0 102.3
57 2 102.5
35 0 108.4
58 2 110.7
32 1 112.7
34 0 114.6
60 2 119.9
30 1 122.0
29 1 127.8
43 0 128.4
48 2 128.9
40 0 138.4
47 2 139.6
39 0 143.6
38 0 148.0
46 2 148.6
37 0 154.2
9 1 171.3
33 0 175.2
10 1 177.0
64 2 179.3
31 0 181.8
11 1 183.1
68 2 187.6
45 0 193.0
67 2 196.5
44 0 198.5
42 1 208.5
65 2 209.4
41 1 214.7
66 2 218.0
49 0 221.1
50 0 227.0
39 2 227.1
51 0 233.2
28 1 236.4
52 0 238.3
27 1 242.3
62 2 244.6
53 0 244.7
26 1 249.5
61 2 253.4
54 0 255.7
25 1 256.2
77 0 262.7
76 0 269.4
72 0 274.1
59 1 279.0
71 0 280.7
38 2 282.8
58 1 285.1
70 0 286.5
37 2 291.6
69 0 292.3
60 1 292.4
