1 0 5.0
12 3 6.5
22 1 6.7
53 2 8.9
2 0 10.7
23 1 12.7
11 3 13.0
52 2 17.8
69 0 18.0
24 1 18.2
13 3 20.6
70 0 24.0
21 1 25.1
54 2 27.9
71 0 30.0
10 3 30.1
20 1 32.1
72 0 36.2
9 3 36.2
77 2 37.6
19 1 38.8
8 3 43.4
18 1 45.1
76 2 46.8
74 0 46.9
7 3 50.6
63 0 51.9
17 1 52.2
75 2 55.7
62 0 57.2
6 3 57.6
15 1 58.7
61 0 63.3
56 2 64.5
14 1 65.3
5 3 65.5
57 2 73.2
4 3 73.8
16 1 74.6
64 0 74.7
68 0 80.6
58 2 81.2
3 3 82.3
67 0 86.4
34 1 89.5
60 2 90.4
2 3 90.8
42 1 96.4
69 3 96.9
65 0 98.4
48 2 99.4
70 3 102.2
41 1 102.9
66 0 104.4
71 3 107.6
47 2 107.9
39 0 110.5
77 3 114.7
46 2 116.9
38 0 117.1
54 3 121.5
37 0 122.5
27 2 125.7
