1 0 5.3
22 1 6.6
12 3 6.9
53 2 8.9
2 0 11.0
23 1 12.7
11 3 13.4
52 2 17.9
24 1 18.2
3 0 18.7
10 3 20.3
25 1 25.2
4 0 26.0
9 3 26.5
54 2 28.0
26 1 31.9
5 0 33.0
8 3 33.6
77 2 37.6
27 1 38.8
6 0 39.7
7 3 40.9
28 1 45.1
76 2 46.9
8 0 48.6
29 1 51.4
5 3 51.4
72 2 54.6
30 1 57.6
13 0 62.0
73 2 63.8
31 1 63.8
75 3 66.9
32 1 70.8
74 2 73.9
59 3 74.4
33 1 80.5
63 2 81.7
45 3 81.8
44 3 89.1
64 2 90.4
43 0 96.4
66 1 97.7
29 3 98.5
68 2 98.8
65 1 104.2
30 3 105.6
40 0 106.3
67 2 107.7
64 1 110.4
39 0 111.7
31 3 112.3
38 0 116.0
33 3 120.5
37 0 122.2
34 3 128.1
42 1 128.9
42 3 142.1
74 0 142.2
51 2 142.5
