1 0 4.8
22 1 6.2
53 2 7.7
2 0 10.4
23 1 12.2
52 2 16.8
24 1 17.8
3 0 18.1
25 1 24.8
4 0 25.5
54 2 27.2
26 1 31.6
5 0 32.3
77 2 36.7
27 1 38.3
6 0 39.4
7 0 45.0
28 1 45.5
76 2 46.2
8 0 50.7
29 1 51.8
72 2 53.8
9 0 57.2
30 1 58.2
10 0 62.1
71 2 63.5
31 1 64.1
11 0 67.5
32 1 71.1
70 2 72.1
13 0 73.6
69 2 80.9
33 1 81.0
12 0 82.4
34 1 87.5
2 2 90.3
35 1 94.5
1 2 100.3
36 1 100.9
3 2 112.3
42 0 118.7
4 2 122.2
39 1 123.6
41 0 124.5
5 2 131.8
43 1 136.9
6 2 141.2
74 0 144.3
73 0 149.1
7 2 150.1
18 1 153.3
75 0 155.6
8 2 158.8
17 1 160.2
56 0 161.9
15 1 166.9
57 0 167.6
9 2 168.5
58 0 172.6
10 2 176.1
60 0 178.6
16 1 181.3
11 2 184.6
48 0 185.1
47 0 190.9
46 0 197.4
27 0 203.2
59 2 215.0
45 0 220.0
58 2 223.3
8 1 226.3
68 0 250.9
63 1 253.6
67 0 257.0
62 1 260.1
61 1 266.3
38 1 284.0
62 0 286.8
37 1 290.2
61 0 292.8
49 2 297.7
50 2 306.3
72 0 307.9
19 1 311.6
51 2 315.5
20 1 317.7
55 0 324.4
21 1 324.8
