1 0 4.6
22 1 5.6
53 2 7.7
2 0 10.2
23 1 11.7
52 2 16.8
24 1 17.3
69 0 17.4
70 0 23.5
25 1 24.2
51 2 25.1
71 0 29.5
26 1 31.0
50 2 33.7
72 0 35.6
27 1 37.9
73 0 42.2
49 2 42.6
46 1 44.6
76 0 50.0
48 2 50.9
47 1 51.2
77 0 56.5
54 0 63.4
58 1 64.5
52 0 70.6
56 1 71.6
77 2 72.4
51 0 77.5
55 1 78.4
76 2 81.2
50 0 83.7
72 2 89.0
49 0 89.6
48 0 95.2
47 0 101.8
59 1 106.5
46 0 108.4
3 2 108.4
45 1 113.7
27 0 114.3
4 2 118.3
28 0 120.0
44 1 120.4
29 0 125.5
5 2 128.0
29 1 129.9
30 1 135.3
6 2 137.4
31 1 141.2
7 2 146.3
32 1 147.9
33 1 157.7
34 2 164.3
34 1 164.4
42 2 173.0
41 2 181.7
66 1 182.4
65 1 188.9
16 0 190.7
64 1 195.1
14 0 200.1
63 1 205.9
38 2 207.6
74 1 211.4
37 2 216.1
73 1 216.9
42 0 221.4
41 0 227.8
43 2 232.6
3 1 235.3
40 0 241.5
4 1 242.9
39 0 246.9
5 1 250.1
38 0 251.1
18 2 252.3
6 1 257.1
37 0 257.4
19 2 261.4
7 1 263.3
8 1 269.6
20 2 270.3
63 0 275.5
10 1 277.6
21 2 279.9
62 0 281.5
11 1 283.6
61 0 287.3
24 2 288.8
12 1 290.3
17 2 308.3
15 2 317.1
14 2 326.0
76 1 326.8
9 0 330.3
77 1 333.2
10 0 335.2
16 2 337.9
54 1 340.3
11 0 340.8
12 0 347.0
52 1 347.5
51 1 353.4
13 0 355.6
33 2 358.3
50 1 360.3
49 1 366.6
31 2 367.5
48 1 372.8
7 0 377.1
60 1 379.7
6 0 383.1
8 2 387.9
5 0 389.8
4 0 396.9
75 1 397.2
13 2 402.3
3 0 404.1
62 1 408.2
61 1 414.4
68 1 426.5
67 1 432.9
75 0 436.2
1 2 436.4
56 0 442.4
