1 0 4.5
22 1 5.8
53 2 7.7
2 0 10.2
23 1 11.7
52 2 16.7
24 1 17.3
69 0 17.4
70 0 23.4
21 1 24.1
54 2 26.8
71 0 29.3
20 1 31.3
72 0 35.5
77 2 36.4
19 1 37.9
18 1 44.4
76 2 45.7
73 0 47.2
17 1 51.3
74 0 52.3
75 2 55.1
63 0 57.2
15 1 57.8
62 0 62.3
56 2 63.9
16 1 64.6
61 0 68.3
57 2 72.7
14 1 73.5
64 0 79.7
58 2 80.5
68 0 85.5
34 1 88.5
60 2 89.7
67 0 91.4
42 1 95.5
48 2 98.8
41 1 102.0
65 0 102.3
47 2 107.3
66 0 108.2
43 1 109.8
39 0 114.4
46 2 116.3
38 0 122.1
27 2 125.0
40 1 126.4
37 0 127.8
39 1 132.1
28 2 134.2
29 2 142.3
30 2 151.3
76 0 153.4
9 1 153.7
10 1 159.2
31 2 159.4
77 0 159.8
11 1 165.3
54 0 166.7
12 1 172.2
45 2 172.7
52 0 173.9
44 2 182.1
32 1 198.4
26 2 199.2
25 2 208.6
49 2 226.0
55 0 233.4
66 1 233.7
50 2 234.1
