1 0 4.3
22 1 5.4
53 2 7.5
2 0 9.9
23 1 11.3
52 2 16.5
24 1 16.9
3 0 17.6
25 1 23.8
51 2 24.8
4 0 24.8
26 1 30.7
5 0 31.8
50 2 33.4
27 1 37.6
6 0 38.7
49 2 42.3
46 1 44.2
7 0 44.6
8 0 50.2
48 2 50.6
47 1 50.9
9 0 56.7
10 0 61.6
60 2 66.9
11 0 67.0
13 0 72.9
44 1 73.0
58 2 75.6
29 1 81.3
12 0 82.0
59 2 84.5
30 1 87.9
31 1 93.6
45 2 94.0
36 0 98.9
32 1 100.6
35 0 105.1
28 2 105.2
33 1 110.3
34 0 111.3
27 2 113.8
18 0 122.4
19 1 122.7
20 1 128.9
17 0 129.0
15 0 135.1
21 1 136.0
75 2 138.2
16 0 141.3
73 2 147.3
14 0 150.5
74 2 155.5
49 1 157.2
63 2 163.1
50 1 163.6
51 1 170.4
64 2 172.3
52 1 175.9
43 0 178.8
68 2 180.6
40 0 188.6
67 2 189.5
57 1 193.4
39 0 193.9
38 0 198.3
56 1 199.1
62 2 204.2
37 0 204.5
61 2 212.9
72 1 213.7
66 0 214.9
65 0 221.0
77 1 221.7
64 0 226.7
54 1 228.7
72 0 241.5
71 2 244.2
76 1 244.8
70 2 253.0
62 0 255.9
55 1 259.7
69 2 261.7
61 0 261.9
2 2 271.1
71 1 282.5
70 1 288.8
33 0 295.2
69 1 295.3
36 2 297.9
31 0 301.8
2 1 302.2
35 2 306.6
3 1 313.0
34 2 316.2
4 1 320.2
33 2 325.5
5 1 327.4
69 0 333.2
6 1 334.4
31 2 334.6
