22 1 3.5
1 0 7.2
23 1 9.6
53 2 12.0
2 0 12.9
24 1 15.2
69 0 20.3
52 2 20.9
21 1 21.9
70 0 26.2
20 1 29.2
54 2 31.1
71 0 32.1
19 1 35.8
72 0 38.4
77 2 40.7
18 1 42.0
17 1 49.6
76 2 50.1
15 1 55.7
72 2 57.9
16 1 62.4
55 0 63.1
73 2 67.2
14 1 71.4
57 0 72.2
75 2 76.5
58 0 77.7
60 0 83.7
56 2 85.4
34 1 86.4
48 0 89.9
35 1 93.2
49 0 95.8
36 1 99.6
50 0 101.5
47 2 102.0
8 1 107.3
51 0 108.1
46 2 111.0
52 0 112.9
9 1 113.9
10 1 119.5
27 2 119.6
11 1 125.6
28 2 129.0
13 1 132.1
59 0 133.9
29 2 137.1
45 0 140.8
12 1 141.2
29 0 147.1
44 2 148.2
30 0 153.0
7 1 154.2
31 0 158.8
6 1 160.4
32 0 164.9
26 2 166.1
5 1 167.5
4 1 174.8
25 2 175.1
3 1 182.2
24 2 184.4
17 0 186.2
2 1 189.7
15 0 192.4
22 2 194.4
1 1 196.5
16 0 198.7
23 2 203.7
69 1 206.1
14 0 207.9
70 1 212.3
21 2 213.7
71 1 218.7
20 2 223.3
72 1 225.5
76 1 231.4
19 2 232.2
77 1 238.1
9 0 238.6
18 2 241.0
10 0 243.6
54 1 245.2
11 0 249.0
34 2 251.8
52 1 252.5
12 0 255.3
53 1 260.0
33 2 260.9
51 1 268.4
31 2 270.1
50 1 274.7
49 1 281.1
42 0 281.7
48 1 287.1
41 0 287.6
43 0 295.0
40 0 306.3
39 0 311.8
38 0 316.1
74 1 318.2
37 0 322.2
63 1 323.7
59 2 328.4
62 1 330.3
66 0 333.0
61 1 336.5
65 0 338.7
