1 0 7.5
22 1 11.6
2 0 13.3
53 2 16.2
23 1 17.6
69 0 20.5
24 1 23.2
52 2 25.3
70 0 26.4
21 1 30.1
71 0 32.4
50 2 35.7
20 1 37.0
72 0 38.8
19 1 43.6
49 2 44.4
73 0 45.1
18 1 49.9
74 0 50.6
48 2 52.6
63 0 55.2
17 1 57.1
62 0 60.5
46 2 63.5
15 1 63.5
61 0 66.6
16 1 70.4
27 2 72.4
64 0 78.1
14 1 79.4
28 2 81.6
68 0 83.9
29 2 89.6
67 0 89.7
34 1 94.4
30 2 98.6
65 0 100.6
33 1 101.6
66 0 106.4
31 2 107.0
32 1 111.0
39 0 112.7
38 0 118.0
31 1 118.0
33 2 121.8
37 0 123.5
30 1 124.6
29 1 130.3
34 2 130.9
40 0 133.0
28 1 136.9
41 0 138.1
35 2 140.2
27 1 142.8
43 0 144.8
36 2 149.3
45 1 153.1
42 0 155.9
8 2 159.4
44 1 159.8
34 0 162.6
9 2 168.6
59 1 168.9
18 0 171.1
58 1 174.8
10 2 176.4
17 0 177.8
60 1 181.7
15 0 183.9
11 2 184.8
48 1 188.1
16 0 190.1
13 2 194.0
57 1 198.9
14 0 199.5
56 1 204.4
12 2 205.2
55 1 211.6
19 0 214.7
20 0 220.9
7 2 221.4
75 1 221.8
21 0 228.1
73 1 228.2
6 2 230.1
24 0 233.8
72 1 235.0
23 0 239.7
5 2 239.8
74 1 243.1
22 0 245.0
63 1 248.4
4 2 249.3
62 1 255.0
25 0 255.4
3 2 259.2
61 1 261.1
26 0 261.9
27 0 268.6
2 2 269.1
64 1 271.8
28 0 274.3
68 1 277.7
1 2 278.4
29 0 279.8
67 1 284.3
69 2 290.5
46 0 290.8
65 1 294.7
47 0 297.1
70 2 299.4
66 1 300.8
48 0 302.2
39 1 307.3
49 0 308.1
71 2 308.1
38 1 313.3
50 0 313.8
