34 0 6.6
73 1 7.0
53 3 8.7
12 2 10.5
74 1 12.3
35 0 12.9
52 3 15.9
63 1 17.7
36 0 18.5
11 2 19.1
51 3 22.6
62 1 24.4
8 0 26.2
10 2 27.7
50 3 29.5
61 1 30.7
9 2 35.4
49 3 36.7
64 1 41.2
48 3 43.3
7 2 44.4
68 1 47.2
18 0 49.1
60 3 51.0
6 2 52.7
67 1 53.7
17 0 55.8
58 3 58.1
15 0 61.9
5 2 62.1
65 1 64.1
57 3 65.1
14 0 67.9
66 1 70.3
56 3 71.3
4 2 71.8
39 1 76.8
16 0 77.5
55 3 79.5
3 2 81.8
38 1 90.9
75 3 91.1
1 2 94.5
37 1 96.9
33 0 97.8
73 3 98.6
2 2 103.7
31 0 104.3
74 3 104.9
42 1 109.2
63 3 110.8
32 0 111.0
69 2 113.2
34 1 116.1
62 3 117.7
70 2 121.9
61 3 124.7
30 0 125.6
71 2 130.8
29 0 131.1
45 1 136.3
28 0 136.9
