32 0 4.2
31 0 10.4
30 0 16.4
29 0 21.6
28 0 27.7
27 0 33.1
26 0 40.0
25 0 46.4
24 0 52.9
23 0 57.8
22 0 63.5
21 0 73.9
20 0 80.8
19 0 87.1
18 0 92.9
17 0 99.4
15 0 105.9
14 0 111.7
16 0 121.5
34 0 138.8
35 0 145.4
36 0 151.4
8 0 158.9
9 0 165.7
10 0 170.7
11 0 176.4
13 0 182.5
12 0 191.9
7 0 207.6
6 0 213.7
5 0 220.2
4 0 227.3
3 0 234.6
2 0 241.9
1 0 248.3
69 0 258.8
70 0 264.6
71 0 270.5
72 0 276.8
73 0 283.3
75 0 289.7
56 0 296.0
55 0 302.9
57 0 312.3
58 0 317.6
60 0 323.7
48 0 329.9
59 0 341.7
45 0 348.6
