1 0 4.2
22 1 5.0
53 2 7.6
2 0 9.8
23 1 11.1
52 2 16.5
24 1 16.7
69 0 17.2
70 0 23.1
21 1 23.9
54 2 27.2
71 0 29.1
20 1 31.1
72 0 35.4
77 2 36.8
19 1 37.5
73 0 41.7
18 1 43.9
76 2 46.2
17 1 51.3
72 2 54.0
15 1 57.5
75 0 61.7
16 1 64.5
56 0 67.9
2 2 71.2
14 1 73.4
55 0 74.8
3 2 80.3
57 0 83.9
34 1 88.4
58 0 89.1
4 2 90.1
59 0 95.2
33 1 95.6
5 2 99.6
45 0 102.1
31 1 102.1
29 0 108.4
6 2 109.2
32 1 109.2
28 0 114.4
7 2 117.9
30 1 118.4
27 0 120.1
29 1 124.2
8 2 126.5
46 0 131.3
9 2 136.3
47 0 137.7
35 1 139.6
48 0 142.8
10 2 143.5
36 1 146.0
60 0 149.1
11 2 152.1
8 1 153.7
12 2 161.4
42 1 168.6
64 0 171.5
13 2 172.8
41 1 174.8
68 0 177.1
43 1 182.2
67 0 183.0
39 1 193.3
18 2 198.8
66 1 200.2
76 0 201.5
65 1 206.5
77 0 207.8
64 1 212.6
14 2 212.9
54 0 214.8
73 1 221.5
52 0 221.8
51 0 227.3
74 1 228.4
19 2 229.3
50 0 233.5
20 2 238.2
49 0 239.5
38 1 242.0
21 2 247.8
37 1 248.4
24 2 256.8
76 1 263.5
62 0 267.1
22 2 267.2
77 1 270.2
61 0 272.9
23 2 276.4
54 1 277.5
52 1 284.8
25 2 286.3
26 2 295.6
65 0 297.1
72 1 298.7
66 0 302.9
27 2 305.0
39 0 309.1
38 0 314.6
3 1 315.0
37 0 320.0
44 2 320.6
4 1 322.4
