1 0 4.4
22 1 5.6
2 0 10.0
23 1 11.6
69 0 17.3
24 1 17.3
70 0 23.3
25 1 24.3
71 0 29.2
26 1 30.8
72 0 35.6
27 1 38.0
73 0 42.2
46 1 44.5
76 0 50.0
47 1 51.1
77 0 56.4
48 1 56.8
54 0 63.2
60 1 64.1
58 1 70.1
52 0 70.5
57 1 76.5
53 0 77.5
56 1 82.1
51 0 86.1
55 1 89.3
50 0 92.1
49 0 98.1
48 0 103.6
75 1 119.0
59 0 122.2
73 1 124.9
45 0 129.2
74 1 130.5
44 0 135.4
63 1 135.9
64 1 142.7
29 0 143.6
68 1 148.4
28 0 149.7
67 1 154.9
27 0 155.3
65 1 165.3
30 0 166.0
66 1 171.4
31 0 171.4
39 1 178.1
38 1 184.1
17 0 189.1
37 1 190.1
