1 0 4.2
22 1 5.2
53 2 7.2
2 0 9.9
23 1 11.1
52 2 16.3
24 1 16.6
69 0 17.2
70 0 23.0
25 1 24.0
54 2 26.4
71 0 29.0
26 1 30.9
72 0 35.2
77 2 36.1
27 1 37.5
28 1 44.0
76 2 45.4
74 0 46.7
29 1 50.3
63 0 51.6
72 2 53.1
62 0 56.8
45 1 57.0
73 2 62.2
61 0 62.9
44 1 63.7
75 2 71.7
59 1 72.7
64 0 74.4
58 1 78.6
65 0 80.3
56 2 80.6
66 0 86.4
47 1 91.3
39 0 92.6
46 1 97.7
38 0 97.9
37 0 103.4
3 2 107.8
40 0 112.9
33 1 113.7
4 2 117.7
41 0 118.0
34 1 120.2
5 2 127.3
43 0 128.7
42 1 129.2
41 1 135.4
6 2 136.8
7 2 145.5
18 0 148.0
32 1 152.1
8 2 154.1
17 0 154.9
15 0 160.9
36 2 164.5
16 0 171.0
56 1 173.1
35 2 173.4
14 0 180.1
34 2 182.4
68 1 188.1
67 1 194.4
19 0 195.3
20 0 201.5
21 0 208.5
