1 0 2.6
22 1 3.9
2 0 8.2
23 1 9.9
53 2 10.7
69 0 15.5
24 1 15.5
52 2 19.8
70 0 21.4
21 1 22.3
71 0 27.4
20 1 29.4
54 2 29.9
72 0 33.6
19 1 36.1
77 2 39.5
18 1 42.4
74 0 46.3
76 2 48.8
17 1 49.5
63 0 51.3
15 1 55.9
72 2 56.6
62 0 56.7
14 1 62.6
61 0 62.8
16 1 71.9
64 0 74.3
3 2 76.2
68 0 80.0
67 0 85.8
4 2 85.9
34 1 86.8
33 1 93.5
5 2 95.9
65 0 96.7
31 1 100.3
66 0 102.4
6 2 105.1
32 1 107.3
39 0 108.9
7 2 113.8
38 0 114.0
30 1 116.5
37 0 119.6
29 1 122.1
8 2 122.6
45 1 129.3
40 0 130.7
41 0 135.8
59 1 136.5
13 2 137.1
58 1 142.5
60 1 149.4
48 1 155.7
12 2 159.2
49 1 162.5
45 0 164.2
50 1 168.5
44 0 169.6
51 1 175.1
52 1 180.7
47 1 193.7
59 2 197.7
46 1 200.3
58 2 205.5
27 1 206.7
35 0 208.5
36 0 214.6
26 1 217.0
8 0 222.4
25 1 223.8
28 2 226.4
27 2 234.9
12 0 235.1
57 1 249.2
56 1 254.8
75 1 262.0
43 2 263.2
73 1 268.7
72 1 275.6
55 1 289.6
57 0 302.7
56 0 308.0
55 0 315.0
35 1 317.5
