1 0 8.6
22 1 10.8
2 0 14.2
53 2 14.7
23 1 16.8
69 0 21.4
24 1 22.5
52 2 23.9
70 0 27.5
21 1 29.2
71 0 33.5
54 2 33.9
20 1 36.3
72 0 39.6
19 1 42.9
77 2 43.3
73 0 46.2
18 1 49.1
76 2 52.7
17 1 56.4
77 0 58.8
73 2 62.9
15 1 62.9
54 0 64.4
16 1 69.8
52 0 71.3
74 2 71.4
53 0 78.3
14 1 78.6
63 2 79.1
51 0 87.0
62 2 88.0
50 0 93.2
34 1 93.6
61 2 96.4
49 0 99.0
33 1 100.6
48 0 104.4
31 1 107.4
64 2 109.9
60 0 111.1
32 1 114.6
58 0 117.0
68 2 118.3
30 1 123.7
67 2 127.2
47 0 128.1
29 1 129.4
46 0 134.4
45 1 136.7
27 0 140.1
65 2 140.4
44 1 142.8
28 0 146.1
66 2 148.7
29 0 151.5
59 1 152.1
39 2 157.8
58 1 157.9
26 0 163.0
60 1 164.6
38 2 166.1
25 0 169.5
48 1 171.3
37 2 174.5
24 0 176.2
23 0 181.0
57 1 181.8
40 2 186.7
22 0 186.9
56 1 187.4
41 2 194.4
55 1 194.7
21 0 196.9
20 0 203.9
43 2 204.5
75 1 205.1
19 0 210.0
73 1 211.4
18 0 216.2
42 2 217.5
72 1 218.3
17 0 222.6
71 1 225.0
34 2 226.8
15 0 228.9
70 1 231.4
14 0 235.0
33 2 236.4
69 1 237.7
16 0 244.6
2 1 244.7
31 2 245.6
1 1 252.1
32 2 255.2
3 1 261.5
34 0 261.9
30 2 266.9
4 1 268.7
42 0 269.0
29 2 275.0
41 0 275.2
5 1 276.1
43 0 282.5
6 1 283.1
28 2 283.9
7 1 289.4
27 2 292.1
40 0 292.4
8 1 295.6
39 0 297.7
38 0 302.0
9 1 302.7
45 2 305.5
10 1 307.9
37 0 308.1
11 1 314.2
44 2 314.5
66 0 318.6
12 1 321.0
65 0 324.8
59 2 326.2
13 1 329.7
64 0 330.5
58 2 334.5
68 0 336.0
67 0 342.1
60 2 343.5
36 1 344.1
35 1 350.4
48 2 352.6
63 0 352.6
62 0 358.8
42 1 360.3
47 2 361.4
61 0 364.3
41 1 366.4
46 2 370.1
