1 0 4.5
22 1 5.6
53 2 7.4
2 0 10.2
23 1 11.7
52 2 16.4
24 1 17.3
3 0 17.9
21 1 24.1
4 0 25.2
54 2 26.5
20 1 31.1
5 0 32.1
77 2 36.2
19 1 37.8
6 0 38.9
18 1 44.2
7 0 44.8
76 2 45.5
8 0 50.5
17 1 51.3
72 2 53.3
9 0 56.9
15 1 57.6
10 0 61.9
71 2 62.8
11 0 67.3
70 2 71.4
12 0 76.4
16 1 77.1
69 2 80.2
2 2 89.7
34 1 91.9
36 0 93.0
42 1 98.9
35 0 99.1
1 2 99.3
34 0 105.3
41 1 105.4
3 2 111.5
33 0 112.1
38 1 114.2
31 0 118.7
37 1 120.4
4 2 121.5
45 0 130.0
5 2 131.2
66 1 132.0
44 0 135.4
65 1 138.5
6 2 140.6
64 1 144.7
59 0 145.4
7 2 149.3
63 1 150.8
58 0 151.0
8 2 157.9
49 0 162.3
55 1 165.1
50 0 168.3
57 1 174.1
51 0 174.7
52 0 179.7
58 1 179.9
14 2 184.4
53 0 186.2
60 1 186.6
48 1 193.3
54 0 197.2
77 0 204.1
28 1 205.5
30 2 209.9
76 0 210.8
29 1 211.3
72 0 215.6
71 0 222.2
26 1 222.3
46 2 224.9
70 0 227.8
25 1 228.8
47 2 233.5
69 0 233.8
48 2 241.5
73 0 255.5
32 2 264.7
56 0 266.7
68 1 272.1
75 0 272.9
67 1 278.7
74 0 280.8
63 0 285.7
62 1 290.6
13 2 295.4
61 1 296.9
40 0 302.4
