1 0 4.8
22 1 5.8
2 0 10.6
23 1 11.7
24 1 17.4
3 0 18.1
25 1 24.3
4 0 25.5
26 1 31.1
5 0 32.4
27 1 38.0
6 0 39.2
28 1 44.3
7 0 45.2
29 1 50.6
8 0 50.8
9 0 57.2
46 1 60.8
10 0 62.2
47 1 67.2
11 0 67.6
48 1 72.9
12 0 73.8
49 1 79.3
13 0 82.6
50 1 85.5
51 1 92.3
52 1 97.9
36 0 99.5
53 1 104.9
35 0 105.6
34 0 111.9
54 1 115.1
33 0 118.6
77 1 122.2
31 0 125.4
76 1 129.2
32 0 131.9
72 1 134.7
30 0 141.2
73 1 141.3
29 0 146.6
75 1 148.6
28 0 152.8
56 1 154.9
27 0 158.2
55 1 162.4
26 0 165.0
57 1 171.2
25 0 171.4
58 1 177.1
24 0 177.9
23 0 182.6
60 1 183.8
22 0 188.6
59 1 196.6
21 0 198.8
45 1 203.7
20 0 205.9
44 1 210.4
19 0 212.1
18 0 218.1
