1 0 6.8
22 1 9.2
2 0 12.6
53 2 13.0
23 1 15.1
69 0 19.7
24 1 20.7
52 2 22.0
70 0 26.0
25 1 28.1
71 0 32.0
50 2 32.8
26 1 34.9
72 0 38.1
49 2 41.7
27 1 41.9
76 0 43.3
46 1 48.5
77 0 49.7
48 2 49.9
47 1 55.1
54 0 56.7
52 0 63.8
53 0 70.8
51 2 77.7
44 1 79.9
51 0 84.0
29 1 88.0
50 0 89.7
30 1 94.8
49 0 95.6
31 1 100.7
48 0 101.1
60 0 107.5
58 0 113.4
32 1 113.6
28 2 116.2
59 0 118.9
33 1 123.1
29 2 124.2
45 0 126.2
34 1 129.7
35 1 136.5
57 0 140.6
36 1 143.1
56 0 145.8
7 2 150.4
8 1 150.9
75 0 152.1
9 1 157.5
73 0 158.7
6 2 159.0
10 1 163.1
74 0 163.4
63 0 168.4
5 2 168.5
11 1 169.1
62 0 174.0
13 1 175.8
4 2 178.3
61 0 180.0
12 1 184.5
3 2 188.1
64 0 191.5
68 0 197.2
7 1 197.8
2 2 198.0
67 0 203.2
6 1 204.1
5 1 211.1
4 1 218.3
3 1 225.7
10 2 233.1
2 1 233.3
11 2 241.2
12 2 250.4
17 0 266.1
36 2 268.4
15 0 272.1
42 1 273.7
35 2 276.9
14 0 277.8
41 1 280.3
16 0 287.6
39 1 287.7
18 2 290.2
38 1 293.6
37 1 299.7
17 2 299.7
15 2 308.7
43 0 315.8
16 2 317.8
19 1 320.9
20 1 327.2
14 2 329.1
21 1 334.4
19 2 345.6
55 0 351.6
17 1 352.7
20 2 354.3
15 1 359.2
21 2 364.0
16 1 365.9
24 2 372.8
14 1 374.9
38 0 380.6
37 0 386.5
