1 0 4.8
22 1 5.9
53 2 7.8
2 0 10.5
23 1 11.9
52 2 16.9
24 1 17.5
3 0 18.1
25 1 24.3
4 0 25.4
54 2 26.9
26 1 31.3
5 0 32.5
77 2 36.5
27 1 38.1
6 0 39.2
28 1 44.5
7 0 45.2
76 2 45.9
29 1 50.7
8 0 50.9
72 2 53.8
45 1 57.4
9 0 57.4
10 0 62.3
71 2 63.5
11 0 67.7
59 1 68.8
70 2 71.8
12 0 73.8
58 1 74.6
69 2 80.6
56 1 82.4
13 0 82.5
55 1 89.4
2 2 90.0
75 1 99.6
36 0 99.7
1 2 99.9
35 0 105.7
73 1 106.1
34 0 111.7
3 2 112.0
72 1 112.9
42 0 118.9
71 1 119.7
4 2 121.8
41 0 125.0
70 1 126.1
5 2 131.5
69 1 132.3
43 0 132.3
2 1 139.3
6 2 141.1
40 0 142.3
1 1 146.9
39 0 147.6
7 2 149.8
38 0 151.9
3 1 156.3
37 0 158.3
8 2 158.3
4 1 163.6
5 1 170.7
6 1 177.7
66 0 178.5
7 1 184.1
65 0 184.6
64 0 190.2
8 1 190.4
30 2 191.1
63 0 198.3
29 2 199.4
74 0 203.1
73 0 208.0
18 1 216.7
62 0 216.9
32 2 217.4
61 0 222.9
19 1 223.2
20 1 229.6
21 1 236.8
60 2 240.6
48 2 249.5
47 2 258.0
46 2 267.1
47 1 272.6
27 2 275.8
48 1 277.8
68 0 282.5
49 1 285.3
67 0 288.4
25 2 290.9
50 1 291.6
51 1 298.3
21 2 300.0
52 1 303.9
20 2 309.4
19 2 318.3
68 1 325.6
18 2 327.0
67 1 332.0
17 2 336.6
65 1 342.3
15 2 345.5
66 1 348.6
16 2 354.5
39 1 355.1
14 2 366.1
17 1 373.4
33 0 380.7
14 1 382.1
31 0 387.4
15 1 389.3
