1 0 4.8
22 1 6.0
12 3 6.5
53 2 8.3
2 0 10.5
23 1 11.9
11 3 13.0
52 2 17.3
24 1 17.6
69 0 17.7
10 3 20.0
70 0 23.7
25 1 24.5
9 3 26.1
54 2 27.5
71 0 29.7
26 1 31.3
8 3 33.2
72 0 36.1
77 2 37.0
27 1 38.2
36 3 42.2
46 1 44.8
76 2 46.5
73 0 46.9
35 3 49.4
47 1 51.5
74 0 52.2
75 2 55.9
34 3 56.8
63 0 56.8
48 1 57.2
62 0 61.9
60 1 64.1
56 2 64.6
18 3 66.6
61 0 68.0
58 1 70.4
17 3 74.4
64 0 79.5
59 1 79.6
15 3 81.8
55 2 82.7
68 0 85.2
45 1 86.7
16 3 89.0
67 0 91.1
44 1 93.3
14 3 99.8
29 1 101.9
65 0 102.1
71 2 102.7
28 1 107.9
66 0 107.9
70 2 111.5
39 0 114.1
19 3 116.4
38 0 119.4
69 2 120.1
20 3 123.3
21 1 123.8
37 0 125.0
2 2 129.5
21 3 133.3
