1 0 10.1
22 1 13.0
2 0 15.9
53 2 17.8
23 1 19.0
3 0 23.4
24 1 24.7
52 2 26.9
4 0 30.8
25 1 31.5
54 2 36.9
5 0 37.8
26 1 38.3
6 0 44.5
27 1 45.3
77 2 46.5
7 0 50.5
28 1 51.5
76 2 56.0
8 0 56.2
29 1 57.9
9 0 62.6
72 2 63.8
10 0 67.4
46 1 68.1
11 0 72.9
71 2 73.3
47 1 74.6
13 0 79.2
48 1 81.4
70 2 82.1
60 1 88.5
12 0 89.4
69 2 91.3
58 1 95.5
2 2 100.2
59 1 101.6
36 0 106.9
45 1 108.7
1 2 110.7
35 0 113.2
44 1 115.6
34 0 119.1
3 2 122.7
4 2 132.8
5 2 142.8
6 2 152.0
7 2 160.9
18 0 161.9
19 0 168.4
8 2 169.1
18 1 174.4
20 0 174.6
9 2 179.1
17 1 181.3
21 0 181.5
10 2 187.2
24 0 187.6
14 1 190.0
11 2 195.5
33 0 213.1
36 2 215.3
31 0 219.6
16 1 219.7
35 2 223.9
32 0 226.0
34 2 233.0
30 0 235.2
29 0 240.7
44 0 252.1
56 1 252.5
17 2 257.2
55 1 259.6
15 2 266.0
75 1 269.5
55 0 271.8
73 1 276.3
75 0 282.2
42 2 284.6
62 1 285.0
73 0 288.6
61 1 291.3
74 0 293.4
41 2 293.4
63 0 298.4
72 0 307.7
40 2 309.0
39 2 317.2
38 2 325.2
49 0 332.8
37 2 333.7
50 0 338.6
51 0 344.9
66 2 346.5
52 0 350.0
65 2 355.2
64 2 363.9
68 2 372.9
67 2 381.4
63 2 393.9
62 2 402.7
17 0 405.2
15 0 411.4
16 0 417.6
74 2 417.9
73 2 425.3
14 0 426.9
42 0 448.2
