34 0 4.2
29 1 5.2
56 3 5.6
24 2 7.6
35 0 10.5
28 1 11.4
55 3 13.4
23 2 15.1
36 0 16.3
27 1 17.1
22 2 23.7
8 0 23.8
46 1 23.9
75 3 24.7
9 0 30.0
47 1 30.6
73 3 32.2
10 0 34.9
48 1 36.3
25 2 36.6
72 3 39.7
11 0 40.4
60 1 43.1
26 2 45.6
13 0 46.3
71 3 47.5
58 1 49.4
70 3 54.5
27 2 55.1
12 0 55.3
59 1 56.1
69 3 61.7
45 1 63.0
28 2 63.8
2 3 69.6
7 0 70.7
29 2 72.5
6 0 76.6
1 3 77.6
30 2 80.2
57 1 82.5
5 0 83.3
56 1 88.0
32 2 88.8
3 3 89.4
4 0 90.4
55 1 95.2
31 2 98.1
3 0 98.2
5 3 101.6
2 0 105.0
75 1 105.2
33 2 107.5
6 3 109.5
73 1 111.7
34 2 116.6
72 1 118.6
36 3 125.8
18 2 127.0
63 1 130.5
40 3 136.4
65 0 136.8
19 2 139.1
66 0 142.9
65 3 147.9
20 2 148.0
39 0 149.0
64 3 154.4
21 2 157.8
63 3 160.3
63 0 165.0
62 3 165.8
43 1 166.9
48 2 171.3
61 3 172.6
49 2 179.4
68 3 182.4
59 0 186.0
50 2 187.2
19 1 187.2
67 3 189.4
45 0 193.1
20 1 193.6
51 2 195.1
21 1 200.8
24 1 207.3
43 0 223.2
66 3 223.7
64 1 229.7
39 3 231.1
