1 0 4.7
22 1 5.6
53 2 7.8
2 0 10.5
23 1 11.6
52 2 16.9
24 1 17.2
69 0 17.6
70 0 23.6
21 1 24.1
54 2 27.0
71 0 29.6
20 1 31.2
72 0 35.9
77 2 36.6
19 1 37.8
73 0 42.3
18 1 44.2
76 2 45.9
17 1 51.5
76 0 51.6
73 2 56.3
77 0 57.4
15 1 57.6
54 0 63.7
14 1 64.3
72 2 65.8
52 0 70.7
16 1 73.7
71 2 74.6
53 0 78.0
70 2 83.4
51 0 86.9
34 1 88.5
69 2 92.2
50 0 92.8
35 1 95.5
49 0 98.6
2 2 101.4
36 1 101.7
48 0 104.0
8 1 109.3
60 0 110.5
1 2 111.6
9 1 116.3
58 0 116.5
10 1 121.6
3 2 123.6
47 0 127.6
11 1 127.7
4 2 133.5
46 0 133.9
13 1 134.4
27 0 139.7
5 2 143.0
12 1 143.4
28 0 145.7
29 0 151.3
6 2 152.5
30 0 156.0
7 1 156.2
7 2 162.0
31 0 162.4
6 1 163.4
32 0 168.8
5 1 169.6
8 2 170.2
4 1 176.7
33 0 179.0
9 2 179.5
3 1 184.5
34 0 185.6
10 2 187.1
2 1 191.8
42 0 192.6
11 2 195.5
41 0 198.7
1 1 198.7
13 2 204.4
43 0 205.9
69 1 208.3
70 1 214.3
12 2 215.8
40 0 216.1
71 1 220.7
39 0 221.3
38 0 225.7
72 1 227.6
37 0 231.8
36 2 233.7
73 1 234.4
66 0 242.2
35 2 242.3
76 1 242.7
65 0 248.4
77 1 249.2
34 2 251.4
64 0 254.1
54 1 256.2
68 0 259.4
18 2 262.3
52 1 263.5
67 0 265.6
17 2 272.1
51 1 275.0
63 0 276.2
15 2 281.0
50 1 281.3
62 0 282.3
49 1 287.6
61 0 288.0
16 2 290.0
48 1 293.6
74 0 299.0
60 1 300.5
14 2 301.9
75 0 306.2
58 1 306.8
56 0 312.5
59 1 313.6
19 2 317.8
55 0 319.6
45 1 320.5
20 2 326.7
44 1 327.3
57 0 328.8
29 1 335.5
