1 0 4.8
22 1 6.1
53 2 8.2
2 0 10.5
23 1 12.0
52 2 17.3
24 1 17.7
69 0 17.8
70 0 23.8
25 1 24.6
54 2 27.3
71 0 29.6
26 1 31.2
72 0 36.1
77 2 37.0
27 1 38.3
28 1 44.5
76 2 46.4
29 1 51.0
73 0 51.3
4 2 60.7
46 1 61.3
55 0 64.4
47 1 67.6
5 2 69.8
57 0 73.2
48 1 73.3
58 0 78.7
6 2 79.0
59 0 86.6
49 1 87.1
7 2 87.8
50 1 93.3
45 0 93.7
8 2 96.3
29 0 99.6
51 1 100.1
52 1 105.7
9 2 106.0
10 2 113.6
60 0 115.2
48 0 121.4
11 2 121.9
30 1 128.2
13 2 131.2
31 1 134.1
54 0 138.8
32 1 141.0
77 0 145.9
36 2 149.0
76 0 152.5
35 2 157.7
42 1 158.8
41 1 165.3
43 1 172.8
12 2 174.7
74 0 186.3
18 1 189.8
63 0 190.8
62 0 196.4
61 0 202.4
33 2 203.4
31 2 212.9
64 0 213.8
65 0 219.6
57 1 225.1
66 0 225.7
56 1 230.7
39 0 232.0
16 2 236.1
40 0 237.5
41 0 242.6
38 0 251.0
37 0 257.0
45 2 263.9
17 1 265.8
