1 0 4.5
22 1 5.9
53 2 8.1
2 0 10.2
23 1 12.0
52 2 17.2
69 0 17.3
24 1 17.6
70 0 23.4
25 1 24.4
51 2 25.2
71 0 29.4
26 1 31.3
50 2 34.1
72 0 35.6
27 1 38.1
76 0 40.2
49 2 43.0
28 1 44.5
77 0 47.0
29 1 50.8
48 2 51.4
54 0 54.1
45 1 60.4
52 0 61.3
47 2 62.4
53 0 68.2
46 2 71.0
57 1 71.3
56 1 76.9
51 0 76.9
50 0 83.0
55 1 84.1
21 2 88.1
49 0 88.8
48 0 94.5
20 2 97.8
19 2 106.7
74 1 109.2
30 0 113.5
63 1 114.8
18 2 115.6
31 0 119.6
32 0 125.7
14 2 129.4
43 1 133.4
42 1 143.7
35 0 148.3
34 1 150.4
36 0 154.6
16 2 156.1
18 1 158.7
8 0 162.4
13 0 175.3
