1 0 12.0
2 0 17.8
22 1 17.8
53 2 21.2
23 1 23.7
3 0 25.4
24 1 29.4
52 2 30.2
4 0 32.7
25 1 36.3
5 0 39.4
54 2 40.4
26 1 43.1
6 0 46.8
77 2 49.9
27 1 50.0
7 0 52.4
8 0 58.2
29 1 58.6
76 2 59.5
9 0 65.1
28 1 65.6
72 2 67.3
10 0 69.6
46 1 73.4
11 0 75.3
73 2 76.9
47 1 80.3
12 0 81.6
48 1 86.0
75 2 86.8
13 0 90.6
49 1 92.7
56 2 95.5
50 1 98.4
51 1 105.5
36 0 107.8
52 1 110.8
35 0 113.8
34 0 120.0
42 0 127.7
55 2 127.9
60 1 131.8
41 0 133.8
58 1 138.2
57 2 139.5
43 0 141.3
59 1 156.5
45 1 163.2
18 0 168.1
30 1 172.4
19 0 174.4
31 1 178.1
20 0 180.4
32 1 185.0
64 2 185.8
21 0 187.5
24 0 193.4
68 2 193.7
67 2 202.7
17 0 212.8
65 2 215.9
63 1 216.2
15 0 219.0
66 2 224.3
14 0 225.1
39 2 233.3
71 1 234.2
16 0 234.7
70 1 240.2
37 2 243.7
69 1 246.6
38 2 253.4
2 1 253.6
33 0 255.1
31 0 261.8
40 2 262.4
32 0 268.8
41 2 270.2
62 1 274.2
30 0 278.3
61 1 280.5
29 0 283.7
45 0 290.0
62 2 292.1
59 0 297.7
38 1 298.2
61 2 299.9
58 0 303.0
37 1 304.4
40 1 314.0
41 1 319.5
62 0 324.4
61 0 330.5
18 1 332.3
17 1 339.3
15 1 345.9
71 0 348.6
14 1 352.4
70 2 353.5
69 0 357.2
16 1 361.7
2 2 365.0
19 1 374.8
20 1 381.3
21 1 388.5
