1 0 8.3
22 1 8.5
53 2 9.2
2 0 14.0
23 1 14.5
52 2 18.3
24 1 20.2
3 0 21.6
51 2 26.5
21 1 27.0
4 0 28.8
20 1 34.1
50 2 35.3
5 0 35.8
19 1 40.5
6 0 42.6
49 2 44.2
18 1 47.1
7 0 48.5
48 2 52.5
17 1 54.2
8 0 54.2
15 1 60.5
46 2 63.3
9 0 66.9
16 1 67.5
10 0 71.7
27 2 72.1
11 0 77.1
26 2 81.6
34 1 82.2
13 0 83.0
25 2 90.7
12 0 91.8
14 1 99.2
24 2 100.2
28 2 116.8
36 1 118.8
29 2 125.4
8 1 126.5
66 0 128.0
65 0 134.1
45 2 134.7
35 1 136.0
64 0 139.8
44 2 143.7
42 1 145.6
63 0 148.4
41 1 151.9
74 0 153.0
59 2 153.9
73 0 157.7
43 1 159.3
58 2 162.1
72 0 163.8
40 1 169.2
71 0 170.6
60 2 170.9
39 1 174.8
70 0 176.6
38 1 180.7
69 0 182.4
37 1 186.7
54 2 191.1
77 2 200.6
33 1 204.5
76 2 210.0
31 1 211.2
55 0 214.3
72 2 217.6
32 1 218.3
57 0 223.2
30 1 227.4
58 0 228.8
75 2 229.6
29 1 233.5
56 2 238.5
68 0 253.0
67 0 259.0
30 2 262.5
31 2 271.1
62 0 272.1
61 0 278.2
32 2 280.6
33 2 293.1
76 0 294.9
77 0 301.3
34 2 302.1
54 0 308.2
52 0 315.3
14 2 319.6
60 0 331.5
59 0 340.0
35 2 340.8
45 0 347.2
36 2 349.5
44 0 353.5
8 2 359.7
42 2 377.6
41 2 386.4
40 2 394.7
39 2 402.7
68 2 418.4
67 2 427.0
