34 0 4.3
53 1 5.6
11 2 7.8
18 0 11.7
52 1 12.1
12 2 16.2
17 0 18.6
54 1 19.9
15 0 24.7
77 1 26.9
13 2 27.6
16 0 33.8
76 1 33.8
10 2 38.3
72 1 39.4
73 1 46.1
9 2 46.2
19 0 48.5
74 1 52.3
20 0 54.6
8 2 55.0
63 1 57.4
21 0 61.7
7 2 63.9
62 1 64.2
24 0 67.6
61 1 70.3
6 2 72.7
23 0 73.2
22 0 78.9
64 1 80.9
5 2 82.1
68 1 86.8
25 0 89.0
4 2 91.9
67 1 93.2
26 0 95.5
3 2 101.7
27 0 102.2
65 1 108.3
46 0 108.4
66 1 114.5
47 0 114.7
48 0 119.7
39 1 121.1
49 0 125.5
36 2 130.5
50 0 131.2
33 1 135.9
51 0 137.5
35 2 139.1
52 0 142.5
31 1 142.5
34 2 148.2
53 0 149.1
32 1 149.5
17 2 162.0
60 0 168.2
15 2 170.9
58 0 174.3
57 0 180.1
75 1 181.8
56 0 185.1
16 2 186.0
59 0 196.8
14 2 197.3
45 0 204.1
