73 1 5.5
53 3 5.5
34 0 5.5
12 2 7.7
33 0 11.6
75 1 11.9
52 3 12.8
11 2 16.5
31 0 18.2
56 1 18.4
54 3 21.7
10 2 24.8
32 0 24.9
77 3 29.1
58 1 31.0
9 2 32.6
30 0 34.3
71 3 36.3
60 1 37.6
29 0 39.6
8 2 41.4
70 3 43.0
48 1 44.2
69 3 48.7
50 1 51.9
36 2 51.9
1 3 56.5
54 1 59.6
35 2 60.6
35 0 62.0
2 3 62.7
77 1 66.3
36 0 67.1
3 3 71.3
76 1 73.1
8 0 73.8
72 1 78.6
4 3 79.8
71 1 85.8
5 3 88.0
30 2 89.8
70 1 92.0
42 0 92.3
6 3 96.0
29 2 98.3
41 0 98.4
69 1 98.4
7 3 102.9
2 1 105.4
43 0 105.9
8 3 110.0
60 2 114.8
40 0 115.8
9 3 117.7
39 0 121.0
