1 0 4.5
22 1 9.1
2 0 10.2
53 2 12.6
23 1 15.0
3 0 17.8
24 1 20.6
52 2 21.7
4 0 25.1
21 1 27.5
51 2 29.8
5 0 32.0
20 1 34.5
50 2 38.6
6 0 38.9
19 1 41.2
7 0 44.7
49 2 47.4
18 1 47.6
8 0 50.5
17 1 54.7
48 2 55.9
9 0 56.8
15 1 61.1
10 0 61.8
60 2 65.3
11 0 67.2
14 1 67.6
13 0 73.2
58 2 74.1
16 1 77.0
12 0 82.1
59 2 82.8
34 1 91.8
45 2 92.4
33 1 98.5
36 0 99.1
44 2 101.4
31 1 105.1
35 0 105.3
34 0 111.5
32 1 112.2
29 2 112.4
42 0 118.4
30 2 121.2
30 1 121.6
41 0 124.5
29 1 127.4
31 2 130.0
43 0 131.9
28 1 133.9
32 2 138.8
27 1 139.8
40 0 142.0
39 0 147.1
45 1 150.1
33 2 151.1
38 0 151.6
44 1 156.6
37 0 157.8
34 2 160.4
59 1 165.7
66 0 168.0
18 2 170.8
58 1 171.7
65 0 174.2
60 1 178.7
64 0 179.9
17 2 180.5
48 1 185.1
68 0 185.5
15 2 188.9
67 0 191.7
49 1 192.0
50 1 197.8
14 2 198.4
63 0 202.9
51 1 204.8
62 0 209.5
52 1 210.4
16 2 210.8
61 0 215.3
53 1 218.4
74 0 226.7
19 2 227.4
54 1 229.0
73 0 231.4
77 1 236.0
20 2 236.4
75 0 238.1
76 1 243.0
56 0 244.9
21 2 245.8
72 1 248.3
55 0 252.2
24 2 255.3
71 1 255.9
57 0 262.3
70 1 262.3
23 2 264.4
58 0 267.2
69 1 268.8
22 2 272.3
2 1 276.0
48 0 276.9
47 0 282.7
25 2 285.1
3 1 288.0
46 0 288.8
26 2 294.3
27 0 294.7
4 1 295.3
28 0 300.8
5 1 302.7
27 2 303.9
29 0 305.9
6 1 309.5
28 2 312.8
7 1 315.9
26 0 317.6
8 1 322.1
25 0 324.0
46 2 327.4
10 1 330.2
24 0 330.6
23 0 335.6
11 1 336.0
47 2 336.3
22 0 341.3
12 1 343.0
57 2 350.9
21 0 351.5
13 1 351.7
20 0 358.3
56 2 359.1
19 0 364.6
36 1 366.1
55 2 368.7
18 0 370.5
35 1 372.5
17 0 377.3
75 2 381.2
42 1 382.5
15 0 383.3
41 1 389.0
16 0 389.7
73 2 390.4
43 1 396.6
14 0 398.9
72 2 399.7
39 1 407.7
71 2 409.0
38 1 413.3
70 2 417.5
37 1 419.3
33 0 419.8
69 2 426.1
31 0 426.7
66 1 429.5
32 0 433.2
65 1 435.8
2 2 435.8
64 1 441.8
30 0 442.5
1 2 445.6
68 1 448.8
45 0 451.1
67 1 454.7
44 0 456.5
3 2 457.7
63 1 464.9
59 0 466.4
4 2 467.7
62 1 471.1
61 1 477.3
49 0 480.3
