1 0 4.2
22 1 5.3
53 2 7.7
2 0 9.9
23 1 11.3
52 2 16.6
24 1 16.8
69 0 17.1
70 0 23.0
21 1 23.6
54 2 26.8
71 0 29.1
20 1 30.7
72 0 35.3
77 2 36.3
19 1 37.4
18 1 43.8
76 2 45.8
74 0 45.9
63 0 50.8
17 1 50.9
72 2 53.4
64 0 56.7
15 1 57.3
65 0 62.4
14 1 63.8
66 0 68.4
3 2 73.0
16 1 73.1
39 0 74.7
38 0 79.9
4 2 83.0
37 0 85.6
34 1 88.1
5 2 92.6
35 1 95.0
40 0 95.0
41 0 100.0
36 1 101.3
6 2 102.1
8 1 109.0
7 2 111.0
9 1 115.7
8 2 119.5
10 1 121.2
11 1 127.3
55 0 131.7
57 0 140.7
58 0 146.1
42 1 147.9
59 0 152.2
41 1 154.2
45 0 162.2
33 1 166.2
29 0 167.2
30 0 172.7
31 1 172.9
75 2 175.6
31 0 184.0
73 2 184.6
27 1 184.9
26 1 191.7
25 1 198.3
46 1 215.8
62 0 217.6
47 1 222.6
61 0 223.7
48 1 228.4
32 2 229.0
60 1 235.1
68 0 237.2
58 1 241.5
67 0 243.2
28 2 244.6
49 1 251.9
27 2 252.8
50 1 258.1
51 1 265.0
52 1 270.5
