1 0 6.0
22 1 8.7
2 0 11.7
53 2 13.0
23 1 14.8
3 0 19.3
24 1 20.4
52 2 22.0
4 0 26.7
25 1 27.4
51 2 30.2
5 0 33.7
26 1 34.0
50 2 39.0
6 0 40.5
27 1 40.9
7 0 46.4
49 2 47.9
46 1 48.0
8 0 52.1
47 1 54.2
48 2 56.1
9 0 58.4
48 1 60.5
10 0 63.4
11 0 68.9
57 1 71.5
13 0 74.8
56 1 77.4
54 2 79.2
12 0 83.7
55 1 84.5
77 2 88.8
59 1 97.0
76 2 98.2
36 0 100.7
45 1 104.2
72 2 105.8
35 0 106.9
29 1 110.9
34 0 113.0
73 2 114.9
30 1 117.6
42 0 120.8
74 2 123.2
31 1 123.6
41 0 126.9
32 1 130.4
63 2 131.0
43 0 134.4
33 1 140.4
62 2 145.4
34 1 146.9
66 0 150.8
61 2 154.0
42 1 154.4
65 0 156.8
41 1 160.6
64 0 162.5
43 1 170.8
75 2 174.9
56 2 183.9
60 0 184.9
48 0 191.1
60 2 196.5
47 0 198.7
44 1 199.8
46 0 204.8
47 2 207.3
28 1 209.9
27 0 210.8
46 2 216.3
49 0 223.6
27 2 225.1
21 1 225.4
50 0 229.2
20 1 232.6
51 0 235.5
19 1 239.3
52 0 240.6
18 1 245.7
17 1 252.7
15 1 259.2
16 1 265.9
68 0 267.2
71 2 271.2
67 0 273.4
14 1 275.0
70 2 279.9
69 2 288.7
38 0 291.1
37 0 297.1
39 1 297.5
2 2 298.1
68 1 310.0
67 1 316.2
18 0 319.6
64 2 321.8
17 0 326.5
74 1 327.5
15 0 332.5
73 1 332.9
14 0 338.5
75 1 339.8
68 2 342.9
16 0 348.1
67 2 351.9
49 1 355.6
50 1 361.9
19 0 363.3
65 2 364.6
51 1 368.8
20 0 369.4
66 2 373.3
52 1 374.3
21 0 376.5
39 2 382.4
24 0 382.5
40 2 391.5
28 0 398.3
41 2 399.0
29 0 404.2
43 2 408.9
45 0 410.6
71 1 414.1
44 0 417.6
70 1 420.3
69 1 426.8
2 1 433.6
45 2 436.5
