1 0 4.4
22 1 5.6
53 2 7.7
2 0 10.1
23 1 11.7
52 2 16.8
24 1 17.2
3 0 17.7
21 1 24.7
4 0 25.3
54 2 27.0
20 1 31.5
5 0 32.0
77 2 36.8
19 1 38.0
6 0 38.7
18 1 44.6
7 0 44.6
76 2 46.0
8 0 50.5
72 2 54.3
15 1 54.5
9 0 56.9
10 0 61.8
73 2 63.4
11 0 67.4
74 2 71.6
63 2 79.4
16 1 79.4
36 0 86.8
62 2 88.3
14 1 88.5
35 0 92.8
61 2 97.0
34 0 99.1
30 1 110.0
64 2 110.4
40 0 111.1
29 1 116.0
39 0 116.3
68 2 118.8
38 0 120.7
28 1 122.7
37 0 126.7
67 2 127.6
27 1 128.5
26 1 135.7
65 2 140.7
25 1 142.3
66 2 149.1
33 0 151.2
31 0 157.8
39 2 158.3
46 1 158.6
47 1 164.9
48 1 170.7
71 2 181.6
49 1 182.2
50 1 188.4
70 2 190.1
32 0 191.3
51 1 195.0
69 2 199.1
52 1 200.7
2 2 208.3
60 1 214.3
58 1 220.8
13 0 224.4
57 1 227.3
75 2 230.2
56 1 232.8
12 0 233.3
56 2 248.3
55 2 256.4
44 1 258.5
43 0 266.6
32 1 272.5
59 2 279.1
42 1 287.4
45 2 288.6
41 1 293.7
44 2 297.6
45 0 298.6
43 1 301.3
59 0 310.8
58 0 316.2
12 1 328.7
13 1 337.2
