1 0 5.6
22 1 6.5
53 2 9.3
2 0 11.3
23 1 12.5
24 1 18.1
52 2 18.3
69 0 19.1
70 0 25.0
21 1 25.5
50 2 29.1
71 0 30.8
20 1 32.5
72 0 37.1
49 2 37.7
19 1 39.5
73 0 44.2
18 1 45.5
48 2 46.3
76 0 52.9
17 1 53.0
46 2 57.4
77 0 58.9
15 1 59.4
54 0 65.9
27 2 66.0
16 1 66.5
52 0 73.4
26 2 76.4
14 1 77.3
53 0 81.6
25 2 85.7
51 0 90.7
34 1 92.4
24 2 95.1
50 0 96.7
35 1 100.1
49 0 102.6
22 2 105.8
36 1 106.5
48 0 108.1
8 1 114.3
23 2 114.8
60 0 115.1
58 0 120.9
9 1 121.9
21 2 125.6
10 1 126.9
59 0 127.2
11 1 132.9
45 0 134.4
20 2 134.9
44 0 141.0
19 2 143.9
13 1 144.5
29 0 149.6
18 2 152.7
28 0 156.5
7 1 158.7
27 0 161.9
17 2 162.8
6 1 164.8
15 2 171.7
5 1 172.0
30 0 173.1
31 0 178.6
4 1 179.1
14 2 180.9
32 0 185.2
3 1 186.4
16 2 193.1
2 1 193.9
33 0 196.2
1 1 201.7
34 0 202.7
69 1 212.1
70 1 218.0
71 1 224.6
72 1 231.2
42 0 232.4
34 2 235.7
41 0 238.3
73 1 238.5
43 0 246.6
76 1 247.5
66 2 254.1
77 1 254.1
40 0 257.3
54 1 261.0
39 0 262.4
65 2 262.9
38 0 267.0
52 1 268.4
64 2 271.4
37 0 273.1
53 1 277.0
62 2 282.8
50 1 288.1
63 0 291.5
61 2 291.5
49 1 294.1
74 0 297.0
48 1 300.6
75 0 305.3
47 1 307.3
56 0 311.7
46 1 313.2
57 0 318.3
27 1 319.6
3 2 321.4
28 1 327.1
4 2 331.0
55 0 331.5
29 1 332.7
45 1 339.9
5 2 340.6
44 1 347.2
6 2 350.3
68 0 353.3
59 1 356.9
7 2 358.8
67 0 359.8
58 1 362.5
8 2 367.6
60 1 370.0
10 2 378.6
57 1 383.0
11 2 387.2
56 1 388.7
55 1 396.8
9 2 397.7
11 0 404.3
75 1 407.3
13 0 409.9
36 2 410.3
35 2 419.0
12 0 419.2
62 1 419.5
61 1 425.5
10 0 429.5
63 1 434.3
64 1 442.0
13 2 446.3
68 1 448.3
18 0 454.4
67 1 454.8
12 2 457.9
65 1 466.0
66 1 471.9
43 2 490.3
