1 0 4.7
22 1 6.0
53 2 8.4
2 0 10.6
23 1 12.1
52 2 17.4
24 1 17.7
69 0 17.8
70 0 23.7
21 1 24.6
54 2 27.4
71 0 29.5
20 1 31.6
72 0 35.8
77 2 37.0
19 1 38.1
18 1 44.6
76 2 46.5
17 1 51.8
72 2 54.2
55 0 55.3
15 1 58.1
73 2 63.6
57 0 64.3
16 1 65.1
58 0 69.7
75 2 72.9
14 1 73.9
60 0 75.7
56 2 81.6
48 0 81.9
49 0 87.9
34 1 89.0
50 0 93.8
33 1 95.9
47 2 98.7
51 0 100.1
31 1 102.2
52 0 104.9
46 2 108.1
27 2 116.6
35 1 123.1
59 0 126.0
36 1 129.3
45 0 133.0
8 1 137.1
7 1 143.9
44 0 148.8
6 1 149.9
29 0 156.7
5 1 156.9
26 2 158.5
30 0 162.6
4 1 164.1
25 2 167.8
31 0 168.3
