32 0 4.3
63 1 5.2
31 0 10.5
74 1 11.5
73 1 16.4
30 0 16.6
29 0 21.7
72 1 23.4
28 0 27.8
71 1 29.9
27 0 33.2
70 1 36.2
26 0 39.9
69 1 42.5
25 0 46.3
2 1 49.6
24 0 52.9
1 1 57.0
23 0 57.8
22 0 63.6
3 1 66.3
21 0 73.7
4 1 73.8
20 0 80.7
5 1 81.1
19 0 87.1
6 1 88.1
18 0 93.0
7 1 94.5
17 0 99.5
8 1 100.4
15 0 105.5
10 1 108.7
11 1 114.5
14 0 116.8
12 1 122.9
34 0 134.2
36 1 137.7
33 0 140.6
35 1 144.0
34 1 150.5
42 1 157.9
41 0 160.2
40 0 164.8
39 1 167.3
66 1 174.1
65 1 180.4
63 0 181.2
64 1 186.7
62 0 187.5
61 0 193.2
75 1 197.8
56 1 204.5
58 1 212.2
57 0 213.6
59 1 218.8
58 0 219.0
60 0 224.9
45 1 225.8
