1 0 5.0
12 3 6.0
22 1 6.2
53 2 8.1
2 0 10.7
23 1 12.2
11 3 12.5
52 2 17.2
24 1 17.7
69 0 17.9
13 3 20.1
70 0 23.9
25 1 24.8
54 2 27.3
10 3 29.8
71 0 30.0
26 1 31.3
9 3 35.8
72 0 36.2
77 2 37.0
27 1 38.4
8 3 42.8
46 1 45.2
76 2 46.3
73 0 51.1
47 1 51.5
36 3 51.9
75 2 55.8
48 1 57.5
35 3 59.0
55 0 64.1
60 1 64.5
56 2 66.1
34 3 66.4
58 1 70.7
57 2 73.5
18 3 76.3
49 1 79.9
58 2 81.3
17 3 84.1
50 1 85.2
51 1 90.7
15 3 91.4
52 1 96.0
16 3 98.9
14 3 109.4
76 0 111.6
55 2 116.5
72 1 117.6
77 0 117.9
71 1 124.0
54 0 124.6
19 3 126.0
70 1 130.2
52 0 131.8
20 3 133.3
69 1 136.5
51 0 139.2
21 3 141.4
2 1 143.5
50 0 145.6
24 3 148.7
1 1 150.9
49 0 151.5
62 2 153.9
23 3 155.7
48 0 157.1
3 1 160.4
22 3 162.1
61 2 162.6
4 1 167.6
25 3 173.8
5 1 174.9
65 2 178.5
26 3 181.4
6 1 181.9
74 0 186.8
66 2 187.0
7 1 188.4
27 3 189.4
63 0 191.6
8 1 194.5
39 2 195.9
46 3 197.0
64 0 197.8
9 1 201.8
47 3 204.4
10 1 206.9
48 3 210.8
40 0 211.8
68 2 212.5
11 1 213.0
41 0 216.9
49 3 217.5
12 1 219.7
67 2 220.6
50 3 224.7
51 3 232.5
52 3 238.3
53 3 246.8
44 2 253.2
