1 0 5.3
22 1 8.0
12 3 9.8
2 0 11.1
53 2 11.2
23 1 14.0
11 3 16.3
3 0 18.6
24 1 19.7
52 2 20.2
13 3 23.9
4 0 26.0
21 1 26.4
51 2 28.5
5 0 32.9
20 1 33.5
10 3 33.5
50 2 37.2
9 3 39.6
6 0 39.7
19 1 40.2
7 0 45.7
49 2 46.0
18 1 46.5
8 3 46.7
17 1 53.7
48 2 54.3
15 1 60.0
36 3 60.8
60 2 63.8
16 1 66.9
58 2 72.5
69 0 79.0
59 2 81.3
70 0 84.8
33 1 86.1
71 0 90.9
45 2 91.0
31 1 92.7
72 0 97.0
7 3 100.0
73 0 103.5
44 2 103.7
6 3 107.0
74 0 108.9
63 0 113.7
14 1 113.7
5 3 115.0
62 0 118.9
4 3 123.1
61 0 124.9
3 3 131.6
35 1 135.6
64 0 138.2
2 3 140.3
55 2 142.0
36 1 142.0
65 0 143.9
8 1 149.7
66 0 150.1
39 0 156.3
38 0 163.4
42 1 164.5
37 0 169.0
68 2 170.2
41 1 170.9
40 3 171.1
39 3 177.4
67 2 178.9
41 0 182.0
42 0 187.6
46 1 189.5
43 3 189.8
34 0 194.1
47 1 196.1
62 2 196.4
42 3 198.3
48 1 201.8
61 2 204.9
34 3 205.5
30 0 206.9
29 0 212.4
26 1 214.3
45 0 218.7
32 3 220.1
25 1 221.2
76 2 222.3
28 0 227.3
30 3 230.8
77 2 231.6
27 0 233.1
29 3 237.3
54 2 241.1
26 0 243.0
59 3 245.9
58 3 252.2
75 1 253.0
73 1 259.6
45 3 263.3
59 0 271.3
65 1 272.1
70 2 272.3
58 0 276.7
66 1 278.6
3 2 282.3
57 0 282.4
39 1 285.2
56 0 287.5
4 2 291.0
55 0 294.5
5 2 300.5
66 3 304.4
75 0 304.9
6 2 309.9
65 3 311.6
64 3 318.6
7 2 318.7
8 2 327.4
59 1 339.3
8 0 346.3
38 3 352.1
37 3 359.1
38 1 383.0
37 1 389.2
26 3 397.9
43 1 402.5
25 3 405.4
18 0 411.6
24 3 413.2
18 2 430.9
38 2 451.0
76 0 452.3
77 0 458.7
37 2 459.6
54 0 465.7
66 2 472.5
52 0 472.8
7 1 474.4
6 1 480.7
65 2 481.1
18 3 482.8
5 1 487.6
4 1 494.8
3 1 502.3
76 1 519.8
77 1 526.4
54 1 533.5
76 3 536.8
52 1 540.7
77 3 544.2
54 3 552.4
75 3 580.1
56 3 587.4
52 3 652.9
