1 0 4.8
22 1 6.5
53 2 8.8
2 0 10.4
23 1 12.4
69 0 17.6
52 2 17.8
24 1 18.1
70 0 23.7
21 1 24.9
54 2 28.0
71 0 29.6
20 1 32.0
72 0 35.8
77 2 37.5
19 1 38.5
18 1 44.9
76 2 46.7
74 0 46.7
63 0 51.5
17 1 52.1
71 2 55.0
62 0 56.9
15 1 58.5
61 0 63.1
16 1 65.2
3 2 65.8
14 1 74.2
4 2 74.4
64 0 74.4
68 0 80.3
5 2 83.6
67 0 86.2
34 1 89.2
6 2 93.1
33 1 95.9
65 0 97.0
7 2 102.0
31 1 102.5
66 0 102.8
39 0 109.0
32 1 109.4
8 2 110.4
38 0 114.3
30 1 118.6
9 2 119.9
37 0 119.9
29 1 124.7
10 2 127.6
40 0 129.3
45 1 131.5
41 0 134.4
11 2 136.1
42 0 141.6
59 1 143.0
13 2 145.2
34 0 148.2
58 1 149.1
57 1 155.7
56 1 161.3
36 2 162.9
55 1 168.5
35 2 171.8
60 0 175.1
34 2 180.8
48 0 181.2
71 1 185.1
49 0 186.9
70 1 191.4
18 2 191.8
50 0 192.8
69 1 197.8
51 0 199.3
19 2 200.7
52 0 204.2
2 1 204.7
20 2 209.7
21 2 219.3
76 1 219.5
77 1 226.1
24 2 228.1
54 1 233.2
23 2 237.1
52 1 240.5
22 2 245.0
51 1 246.8
9 0 256.5
25 2 257.7
10 0 261.4
3 1 266.7
26 2 267.0
11 0 267.1
12 0 273.2
4 1 273.4
27 2 276.4
5 1 280.6
28 2 285.1
6 1 287.5
29 2 293.8
7 1 293.8
8 1 300.1
30 2 302.4
43 0 306.3
9 1 307.1
31 2 310.9
10 1 312.5
11 1 318.5
33 2 320.6
13 1 325.3
12 1 334.0
36 1 348.6
46 0 353.2
35 1 355.0
47 0 359.5
43 1 370.3
57 0 372.7
56 0 377.8
55 0 384.8
57 2 392.2
75 0 395.0
56 2 400.3
60 1 400.7
48 1 407.2
55 2 409.8
44 1 422.9
75 2 425.3
73 2 434.5
46 1 438.8
47 1 445.4
