1 0 4.0
22 1 5.3
2 0 9.7
23 1 11.3
24 1 16.8
3 0 17.4
25 1 23.8
4 0 24.7
26 1 30.5
5 0 31.6
27 1 37.4
6 0 38.5
46 1 44.1
7 0 44.4
8 0 50.1
47 1 50.7
48 1 56.4
9 0 56.4
10 0 61.4
60 1 63.3
11 0 66.8
58 1 69.7
12 0 73.0
57 1 76.0
56 1 81.7
13 0 81.7
55 1 88.9
36 0 98.8
75 1 99.0
35 0 104.9
73 1 105.6
34 0 111.1
74 1 111.4
63 1 116.8
33 0 117.9
62 1 123.4
31 0 124.5
61 1 129.6
32 0 131.2
64 1 140.3
30 0 140.4
29 0 145.9
68 1 146.2
28 0 152.1
67 1 152.7
27 0 157.5
65 1 163.0
26 0 164.3
66 1 169.3
25 0 170.7
39 1 175.9
24 0 177.2
38 1 181.6
23 0 181.8
37 1 187.7
22 0 187.8
40 1 197.4
21 0 198.0
41 1 202.7
20 0 205.0
43 1 210.3
19 0 211.3
