1 0 4.0
22 1 5.1
53 2 7.5
2 0 9.8
23 1 11.0
52 2 16.2
24 1 16.7
3 0 17.6
21 1 23.9
4 0 24.9
54 2 27.1
20 1 31.2
5 0 32.0
77 2 36.6
19 1 37.5
6 0 38.9
18 1 44.0
7 0 44.6
76 2 46.1
8 0 50.6
17 1 51.9
72 2 53.7
9 0 57.5
15 1 57.9
10 0 62.3
73 2 63.3
11 0 67.4
74 2 72.2
13 0 78.9
63 2 79.5
14 1 79.8
62 2 88.8
34 1 95.1
36 0 96.2
61 2 97.0
42 1 101.9
35 0 102.1
34 0 108.2
41 1 108.5
64 2 110.9
33 0 115.0
66 1 118.3
68 2 119.2
31 0 121.9
65 1 124.6
67 2 127.8
64 1 130.9
45 0 133.2
49 0 150.9
50 0 156.5
58 2 161.0
51 0 163.0
52 0 167.9
48 2 171.9
60 2 181.7
55 1 181.7
47 0 190.0
59 2 193.5
46 0 196.2
71 1 198.4
70 1 204.8
28 2 206.2
69 1 211.0
27 2 214.7
2 1 218.2
26 2 224.5
25 2 233.5
12 0 237.7
24 2 242.8
59 1 243.4
45 1 250.5
44 1 257.3
30 1 270.7
16 0 274.7
31 1 276.7
43 2 288.9
38 1 295.2
37 1 301.5
40 2 301.6
32 0 301.9
39 2 309.7
