1 0 4.2
22 1 5.5
53 2 7.6
2 0 9.9
23 1 11.6
52 2 16.6
69 0 17.2
24 1 17.2
70 0 23.2
25 1 24.2
51 2 24.9
71 0 29.2
26 1 30.8
50 2 33.7
72 0 35.3
27 1 37.7
73 0 41.8
49 2 42.3
28 1 44.1
76 0 50.1
29 1 50.5
48 2 50.6
77 0 56.3
60 2 60.1
46 1 61.0
54 0 63.1
47 1 67.1
58 2 69.0
52 0 70.4
48 1 72.9
53 0 77.5
57 2 77.7
49 1 79.2
50 1 85.3
56 2 85.6
51 0 86.1
55 2 95.2
49 0 96.0
48 0 100.6
75 2 107.8
60 0 116.3
73 2 116.9
58 0 122.3
72 2 126.2
57 0 127.8
45 1 130.6
56 0 132.8
74 2 136.7
44 1 136.8
55 0 139.4
63 2 144.4
75 0 149.8
62 2 153.1
18 1 156.8
74 0 157.9
61 2 161.9
63 0 162.7
19 1 163.3
64 0 168.8
20 1 169.8
21 1 176.9
65 0 177.6
68 2 180.2
66 0 183.6
64 2 189.7
39 0 189.8
40 0 195.3
17 1 195.3
41 0 200.3
15 1 201.5
43 0 207.3
33 2 214.2
42 1 217.0
31 2 223.4
41 1 223.4
32 2 232.8
35 1 235.3
14 0 235.8
36 1 241.4
30 2 244.5
16 0 245.5
8 1 249.1
29 2 252.8
9 1 255.8
10 1 261.4
28 2 262.9
11 1 267.5
27 2 270.8
12 1 274.2
38 0 274.7
37 0 280.5
26 2 280.6
13 1 282.8
25 2 289.8
7 1 296.2
24 2 299.0
68 0 299.5
6 1 302.4
67 0 305.3
22 2 309.3
5 1 309.4
4 1 316.6
23 2 318.4
62 0 318.5
3 1 324.1
61 0 324.5
21 2 328.4
2 1 331.5
20 2 337.8
1 1 339.8
19 2 346.8
18 2 355.7
17 2 365.2
47 0 368.2
15 2 374.0
46 0 374.5
27 0 380.4
16 2 383.1
28 0 386.2
29 0 391.7
43 1 394.4
14 2 394.7
30 0 397.1
31 0 403.0
40 1 404.0
32 0 409.4
39 1 409.8
35 2 415.5
37 1 417.3
33 0 419.6
36 2 424.3
38 1 424.5
66 1 431.9
8 2 434.4
65 1 438.0
9 2 443.6
64 1 444.3
68 1 451.0
10 2 451.5
67 1 457.0
19 0 458.5
11 2 459.8
20 0 464.6
63 1 467.1
13 2 469.0
21 0 471.6
62 1 473.5
24 0 477.7
61 1 479.7
12 2 480.1
23 0 483.3
22 0 488.9
74 1 490.1
73 1 495.3
7 2 496.4
25 0 499.2
72 1 502.1
