1 0 4.2
22 1 5.5
53 2 7.3
2 0 10.0
23 1 11.4
52 2 16.3
24 1 17.0
3 0 17.6
21 1 23.8
4 0 24.9
54 2 26.5
20 1 30.9
5 0 31.9
77 2 36.1
19 1 37.6
6 0 38.6
18 1 44.0
7 0 44.6
76 2 45.5
8 0 50.2
17 1 51.1
72 2 53.1
9 0 56.7
15 1 57.4
10 0 61.6
73 2 62.2
14 1 64.0
11 0 67.0
71 2 74.2
16 1 81.7
70 2 82.8
36 0 86.6
69 2 91.6
35 0 92.8
34 0 99.6
2 2 101.1
42 0 105.9
9 1 106.2
1 2 110.8
10 1 111.8
41 0 111.9
11 1 117.8
43 0 119.4
3 2 123.1
13 1 124.4
40 0 129.3
4 2 132.8
39 0 134.6
38 0 138.9
5 2 142.5
37 0 145.2
6 2 152.0
66 0 155.6
59 1 157.2
7 2 160.7
65 0 161.8
58 1 163.2
64 0 167.4
8 2 169.3
60 1 170.0
74 0 175.0
48 1 176.5
9 2 178.8
73 0 179.9
72 0 185.9
10 2 186.5
57 1 187.1
71 0 192.5
56 1 192.9
11 2 195.0
70 0 198.5
75 1 200.0
13 2 204.0
69 0 204.5
73 1 206.6
12 2 215.3
62 1 215.5
61 1 221.6
76 0 225.3
77 0 231.4
64 1 232.2
36 2 233.2
68 1 238.2
54 0 238.3
35 2 241.8
67 1 244.7
52 0 245.7
34 2 250.7
53 0 252.7
42 2 261.0
51 0 261.2
55 1 264.5
