1 0 4.6
22 1 5.6
53 2 8.2
53 2 26.8
53 2 329.6
53 2 376.5
53 2 645.5
52 2 654.3
51 2 662.7
50 2 671.5
49 2 680.3
48 2 688.6
46 2 699.4
27 2 708.3
28 2 717.5
29 2 725.6
45 2 734.8
44 2 743.7
59 2 755.5
58 2 763.9
60 2 772.9
57 2 788.5
56 2 796.5
55 2 806.3
75 2 818.9
73 2 827.8
72 2 837.2
71 2 846.3
70 2 855.1
69 2 863.7
2 2 873.2
2 2 1113.0
1 2 1122.0
56 2 1140.7
57 2 1149.3
58 2 1156.9
60 2 1165.9
48 2 1174.9
49 2 1183.7
50 2 1192.3
51 2 1201.4
52 2 1209.3
53 2 1219.0
54 2 1231.6
77 2 1241.2
76 2 1250.6
72 2 1258.4
71 2 1268.0
70 2 1276.5
69 2 1285.3
2 2 1294.7
43 2 1862.5
41 2 1872.2
42 2 1881.3
34 2 1890.9
18 2 1901.6
17 2 1911.0
15 2 1919.9
16 2 1929.0
14 2 1940.5
19 2 1957.0
20 2 1965.9
21 2 1975.5
24 2 1994.4
22 2 2183.3
23 2 2388.0
21 2 2396.9
20 2 2406.3
19 2 2415.2
18 2 2424.1
17 2 2433.6
15 2 2552.0
14 2 2560.5
17 2 2572.4
18 2 2581.4
19 2 2590.4
20 2 2669.6
19 2 2677.7
34 2 2687.1
42 2 2801.6
39 2 2811.0
38 2 2904.9
37 2 2947.4
38 2 2955.8
39 2 2963.4
66 2 2972.9
65 2 2981.5
64 2 2990.3
68 2 2999.2
67 2 3007.8
63 2 3020.4
62 2 3029.2
61 2 3037.8
74 2 3050.9
73 2 3058.3
72 2 3067.7
75 2 3079.2
56 2 3088.3
55 2 3098.1
57 2 3109.5
58 2 3117.6
45 2 3373.9
44 2 3382.9
29 2 3393.7
30 2 3402.7
31 2 3410.9
32 2 3420.2
33 2 3432.6
18 2 3446.2
17 2 3455.6
15 2 3464.4
16 2 3473.5
14 2 3485.0
