1 0 4.0
22 1 5.8
53 2 7.8
2 0 9.7
23 1 11.8
52 2 16.7
69 0 16.9
24 1 17.3
70 0 23.0
21 1 24.1
51 2 24.8
71 0 29.0
20 1 31.3
50 2 33.8
72 0 35.1
19 1 37.9
73 0 41.6
49 2 42.6
18 1 44.2
76 0 49.4
48 2 50.9
17 1 51.4
77 0 56.0
15 1 57.8
60 2 60.4
54 0 63.0
14 1 64.4
58 2 69.1
52 0 70.1
16 1 73.7
53 0 77.0
47 2 82.2
51 0 85.6
34 1 88.5
46 2 91.1
50 0 91.8
35 1 95.4
49 0 97.8
27 2 99.9
36 1 101.7
48 0 103.3
8 1 109.4
9 1 116.0
59 0 117.5
10 1 121.7
45 0 124.7
11 1 127.8
29 0 130.8
12 1 134.4
28 2 136.8
26 0 142.8
13 1 143.0
29 2 145.1
25 0 149.1
24 0 155.8
7 1 156.4
33 2 158.4
23 0 160.3
6 1 162.7
22 0 166.3
34 2 167.6
5 1 169.8
21 0 176.7
4 1 177.0
42 2 177.4
20 0 183.7
3 1 184.3
41 2 186.3
19 0 189.9
2 1 191.8
18 0 195.9
43 2 196.3
1 1 198.6
69 1 208.2
40 2 208.5
30 0 212.9
70 1 214.6
39 2 216.6
71 1 220.9
32 0 226.2
72 1 227.7
35 2 234.3
73 1 234.4
76 1 242.5
36 2 243.0
77 1 249.1
8 2 253.2
9 0 253.4
54 1 256.3
10 0 258.0
11 0 263.3
52 1 263.5
12 2 267.4
53 1 271.1
8 0 273.2
13 2 278.7
7 0 279.3
51 1 279.4
6 0 285.2
50 1 285.8
5 0 291.9
49 1 292.2
48 1 298.2
4 0 298.9
60 1 305.2
18 2 305.3
3 0 306.3
58 1 311.6
17 2 314.7
47 1 321.9
15 2 323.5
46 1 328.5
74 0 330.1
14 2 332.4
27 1 334.7
63 0 335.0
62 0 340.5
28 1 341.5
16 2 344.4
61 0 346.6
29 1 347.2
30 1 353.4
64 0 357.9
31 1 359.6
68 0 363.7
67 0 369.6
44 1 373.2
45 2 379.6
65 0 380.4
