1 0 5.2
22 1 6.3
12 3 6.5
53 2 8.6
2 0 11.0
23 1 12.2
11 3 13.1
52 2 17.6
24 1 17.6
69 0 18.7
13 3 21.3
70 0 24.5
25 1 25.3
50 2 28.9
71 0 30.7
10 3 31.8
26 1 32.4
72 0 36.9
9 3 37.4
49 2 37.4
27 1 39.0
73 0 43.3
8 3 44.5
48 2 45.7
28 1 47.3
76 0 51.2
7 3 51.7
29 1 53.6
60 2 53.8
77 0 57.5
6 3 58.7
45 1 60.5
54 0 64.5
5 3 66.7
44 1 66.7
59 2 67.6
52 0 71.7
4 3 74.8
58 2 75.9
53 0 78.7
60 1 79.7
3 3 83.3
57 2 85.0
48 1 86.1
51 0 87.3
2 3 91.9
47 1 92.3
56 2 92.8
50 0 93.4
46 1 98.8
49 0 99.4
1 3 99.5
48 0 104.9
30 1 110.3
69 3 111.1
31 1 116.6
70 3 118.0
75 0 123.2
32 1 123.5
71 3 125.2
51 2 128.0
72 3 132.4
33 1 133.3
57 0 138.4
75 3 139.5
34 1 139.9
58 0 143.6
56 3 146.7
35 1 146.8
36 1 153.3
47 0 154.8
62 3 156.8
8 1 161.1
46 0 161.4
61 3 164.0
27 0 167.3
9 1 167.7
33 2 170.9
10 1 173.2
26 0 173.9
63 3 174.3
11 1 179.3
34 2 180.1
25 0 180.3
64 3 181.2
12 1 186.2
24 0 187.0
65 3 188.7
23 0 191.6
13 1 194.8
66 3 195.6
22 0 197.5
39 3 203.1
14 2 208.4
40 3 210.1
41 3 215.8
28 0 216.9
