1 0 2.4
22 1 3.7
53 2 7.6
2 0 8.1
23 1 9.7
24 1 15.3
3 0 15.6
52 2 16.7
25 1 22.3
4 0 22.9
54 2 26.8
26 1 28.9
5 0 29.9
27 1 35.8
77 2 36.3
6 0 36.7
28 1 42.2
7 0 42.8
76 2 45.8
29 1 48.4
8 0 48.4
72 2 53.3
9 0 54.8
30 1 54.8
10 0 59.7
31 1 60.9
73 2 62.5
11 0 65.2
32 1 67.9
12 0 71.3
71 2 74.7
33 1 77.7
13 0 80.3
70 2 83.3
34 1 84.4
69 2 91.7
2 2 101.4
18 1 103.9
1 2 111.5
36 0 113.0
16 1 115.3
35 0 119.0
3 2 123.8
14 1 124.7
34 0 125.2
4 2 133.4
5 2 143.2
66 0 144.1
65 0 150.2
6 2 152.5
64 0 155.8
7 2 161.3
63 0 161.8
74 0 167.0
8 2 169.8
73 0 171.9
62 0 180.9
61 0 186.7
59 2 200.1
58 2 208.5
43 1 210.9
60 2 218.2
40 1 220.7
39 1 226.5
48 2 227.0
47 2 235.0
55 0 236.1
46 2 244.1
57 0 245.2
58 0 250.4
45 1 252.5
27 2 252.7
44 1 259.1
68 0 272.5
49 1 278.3
67 0 278.5
50 1 284.4
51 1 291.3
52 1 296.8
38 0 304.1
37 0 309.9
57 1 314.3
56 1 320.2
55 1 327.2
19 0 335.3
75 1 337.3
20 0 341.5
73 1 343.7
21 0 348.4
24 0 354.3
38 1 359.9
37 1 366.1
46 0 370.7
47 0 376.9
48 0 382.0
