1 0 8.9
22 1 12.7
53 2 17.7
69 0 18.6
23 1 18.8
70 0 24.5
20 1 29.3
54 2 30.1
71 0 30.4
19 1 35.8
72 0 36.6
77 2 39.9
17 1 45.2
76 2 49.1
15 1 51.4
16 1 58.0
55 0 59.4
75 2 62.2
14 1 67.2
57 0 68.4
60 0 76.5
47 2 80.9
34 1 82.2
49 0 85.4
33 1 89.7
46 2 89.7
50 0 91.2
51 0 97.7
32 1 98.9
28 2 101.4
26 2 116.2
35 1 118.6
59 0 120.0
25 2 124.1
36 1 125.1
45 0 127.1
29 0 133.2
13 1 139.6
30 0 149.3
7 1 153.2
31 0 154.9
32 0 161.1
5 1 162.1
4 1 169.3
3 1 176.6
71 2 176.8
18 0 179.0
2 1 184.2
70 2 185.3
17 0 185.7
15 0 191.9
69 2 194.1
16 0 198.1
74 2 219.8
62 2 229.4
28 0 235.7
12 1 237.6
61 2 237.9
44 0 251.4
68 2 253.0
67 2 262.0
66 1 266.0
65 1 272.4
42 0 274.8
66 2 277.3
64 1 278.5
41 0 281.0
62 1 287.1
38 2 287.1
43 0 288.2
61 1 293.3
37 2 295.9
40 0 298.4
38 0 304.9
68 1 305.3
40 2 308.0
37 0 310.8
67 1 311.9
43 2 319.0
38 1 328.9
63 0 328.9
42 2 332.3
74 0 333.9
37 1 335.0
18 2 345.4
43 1 348.5
17 2 355.1
15 2 363.9
3 0 366.3
14 2 373.2
4 0 373.5
5 0 380.8
16 2 385.0
7 0 389.9
8 0 395.7
25 1 400.5
19 2 401.2
9 0 402.2
10 0 407.1
26 1 407.2
20 2 410.0
11 0 412.6
27 1 414.0
12 0 418.8
46 1 421.1
24 2 421.8
47 1 427.4
13 0 427.5
22 2 432.4
60 1 435.7
23 2 441.2
58 1 441.9
36 0 444.9
59 1 448.8
35 0 451.1
45 1 455.6
44 1 462.6
58 2 467.4
29 1 470.7
28 1 476.8
30 1 488.7
65 0 490.2
68 0 498.5
67 0 504.5
55 2 512.6
62 0 517.6
61 0 523.5
57 2 524.0
59 2 534.7
45 2 544.1
1 1 547.3
44 2 553.4
69 1 557.2
70 1 563.2
71 1 569.7
30 2 574.4
72 1 576.4
31 2 582.6
55 1 591.0
32 2 592.5
57 1 599.8
33 2 604.8
49 1 612.0
35 2 616.4
50 1 618.1
51 1 624.7
36 2 625.3
14 0 627.9
53 1 632.9
9 2 638.1
19 0 643.0
54 1 643.1
10 2 645.9
20 0 649.1
77 1 650.1
11 2 654.3
76 1 657.2
24 0 659.0
13 2 663.5
23 0 665.0
22 0 670.3
12 2 674.7
25 0 680.4
26 0 686.9
7 2 690.9
46 0 696.9
5 2 702.4
47 0 702.9
4 2 712.0
53 0 720.8
3 2 722.1
54 0 731.7
1 2 734.5
77 0 738.8
76 0 745.4
75 1 796.8
74 1 927.1
