34 0 5.1
55 3 5.9
63 1 6.4
22 2 8.0
18 0 12.6
64 1 12.7
56 3 13.5
23 2 16.8
68 1 18.6
17 0 19.2
57 3 20.1
24 2 24.3
67 1 25.0
15 0 25.6
58 3 26.6
14 0 31.4
21 2 33.7
60 3 34.0
65 1 35.4
16 0 41.1
48 3 41.5
66 1 41.6
20 2 43.0
39 1 48.0
49 3 48.7
19 2 52.1
38 1 53.9
50 3 55.2
37 1 60.2
51 3 63.0
52 3 69.2
40 1 69.6
42 0 70.7
34 2 72.8
41 1 75.0
53 3 76.9
35 2 80.4
36 2 88.7
54 3 89.1
77 3 97.3
19 1 98.0
9 0 98.4
8 2 98.6
10 0 103.3
20 1 104.6
76 3 105.1
7 2 106.9
11 0 109.0
72 3 110.9
21 1 111.6
12 0 115.1
6 2 115.5
24 1 118.1
71 3 118.8
13 0 123.9
25 1 125.1
5 2 125.1
70 3 125.8
26 1 132.0
69 3 132.8
4 2 134.6
27 1 138.7
2 3 140.7
28 1 145.3
69 2 145.5
33 0 150.3
29 1 151.4
70 2 153.0
31 0 156.9
71 2 161.0
32 0 168.3
45 1 168.7
72 2 169.9
