48 0 4.3
37 3 5.4
11 1 5.6
64 2 7.8
49 0 9.6
13 1 11.8
38 3 12.5
50 0 15.4
68 2 16.5
39 3 17.9
12 1 20.6
51 0 21.6
67 2 24.8
66 3 25.4
52 0 26.6
10 1 28.9
65 3 32.6
53 0 33.2
9 1 34.4
8 1 40.8
63 2 43.7
54 0 44.1
61 3 44.5
36 1 48.6
77 0 51.0
74 2 51.5
62 3 52.5
35 1 55.1
76 0 57.7
63 3 59.1
73 2 59.3
34 1 61.5
72 0 62.5
74 3 65.7
42 1 69.5
73 3 71.4
41 1 75.9
71 2 77.5
75 3 78.9
43 1 83.4
1 0 84.0
70 2 86.2
56 3 86.3
40 1 93.3
3 0 94.4
55 3 94.7
69 2 94.8
39 1 98.9
4 0 101.8
2 2 104.4
38 1 104.7
5 0 108.8
37 1 110.8
6 0 115.6
7 0 121.5
68 3 126.4
8 0 127.1
76 2 128.1
67 3 133.6
77 2 137.0
54 2 146.5
52 2 156.3
57 3 158.7
60 1 160.8
58 3 164.8
48 1 167.4
47 1 173.6
29 3 178.8
46 1 180.1
57 0 181.6
27 1 186.4
58 0 186.8
26 3 191.8
60 0 192.9
25 3 199.5
21 1 200.4
