1 0 4.5
22 1 5.4
53 2 7.9
2 0 10.3
23 1 11.4
52 2 16.9
24 1 17.1
3 0 17.9
21 1 23.9
4 0 25.2
54 2 27.0
20 1 31.0
5 0 32.1
77 2 36.5
19 1 37.6
6 0 39.0
18 1 43.9
7 0 44.9
76 2 46.0
8 0 50.5
17 1 51.1
72 2 53.7
9 0 56.9
15 1 57.5
10 0 61.9
73 2 62.9
16 1 64.3
11 0 67.4
14 1 73.3
12 0 73.5
71 2 74.7
13 0 82.3
70 2 83.3
34 1 88.3
69 2 92.0
42 1 95.4
36 0 99.4
2 2 101.5
41 1 101.8
35 0 105.4
43 1 109.3
1 2 111.3
34 0 111.6
33 0 118.4
40 1 119.2
3 2 123.5
39 1 124.9
31 0 125.1
38 1 130.6
32 0 131.7
4 2 133.4
37 1 136.7
30 0 141.1
5 2 143.0
29 0 146.3
66 1 146.8
6 2 152.5
28 0 152.6
65 1 153.0
27 0 158.0
64 1 159.2
7 2 161.3
46 0 163.6
68 1 166.0
8 2 169.9
47 0 170.2
67 1 172.0
48 0 175.3
9 2 179.3
60 0 181.6
63 1 182.0
10 2 187.0
58 0 187.7
62 1 188.5
59 0 193.0
61 1 194.6
11 2 195.5
45 0 200.6
12 2 204.6
74 1 205.2
44 0 206.7
73 1 210.2
13 2 215.8
72 1 217.3
26 0 223.3
75 1 226.2
25 0 229.8
56 1 232.6
36 2 233.5
24 0 236.4
55 1 240.0
23 0 241.1
35 2 242.2
22 0 246.9
57 1 248.8
34 2 251.3
58 1 254.8
