1 0 5.2
12 3 6.0
22 1 6.5
53 2 9.0
2 0 10.8
23 1 12.5
11 3 12.5
52 2 17.9
69 0 18.1
24 1 18.1
13 3 20.1
70 0 24.0
25 1 25.0
51 2 26.1
10 3 29.7
71 0 30.1
26 1 31.8
50 2 34.9
9 3 35.7
72 0 36.3
27 1 38.6
73 0 42.8
8 3 42.9
49 2 43.8
28 1 45.0
74 0 48.1
7 3 50.2
29 1 51.3
48 2 52.2
63 0 52.8
6 3 57.3
62 0 58.1
60 2 63.4
61 0 64.1
5 3 65.2
21 1 71.4
4 3 73.4
20 1 78.5
75 0 80.5
3 3 81.9
19 1 85.2
56 0 86.7
28 2 87.5
2 3 90.5
18 1 91.6
27 2 96.0
1 3 98.0
17 1 98.7
49 0 102.5
15 1 105.1
50 0 108.4
69 3 109.7
14 1 111.7
51 0 114.7
70 3 116.5
52 0 119.7
16 1 121.0
71 3 123.8
54 0 127.0
63 3 132.0
77 0 134.1
64 2 135.1
34 1 135.9
64 3 140.5
76 0 140.7
42 1 142.9
68 2 143.3
65 3 146.1
41 1 149.4
66 3 152.0
67 2 152.1
40 1 155.6
43 3 159.8
