1 0 4.3
22 1 5.9
53 2 7.9
2 0 10.0
23 1 11.9
52 2 16.9
69 0 17.1
24 1 17.5
70 0 23.2
21 1 24.2
51 2 25.1
71 0 29.1
20 1 31.4
50 2 34.0
72 0 35.4
19 1 38.0
73 0 41.9
49 2 42.8
18 1 44.4
74 0 47.2
48 2 51.2
17 1 51.4
63 0 51.9
62 0 57.2
15 1 57.8
47 2 59.9
61 0 63.2
16 1 64.6
46 2 68.6
14 1 73.6
64 0 74.6
27 2 77.4
68 0 80.4
67 0 86.4
28 2 86.5
34 1 88.6
29 2 94.8
42 1 95.7
65 0 97.2
41 1 102.2
66 0 103.0
26 2 108.3
39 0 109.3
38 0 116.9
25 2 117.4
37 0 122.6
33 1 123.8
24 2 126.7
31 1 130.6
40 0 131.8
22 2 136.8
41 0 136.8
32 1 137.4
43 0 143.7
23 2 146.2
30 1 146.8
29 1 152.6
21 2 155.9
28 1 159.2
27 1 165.1
20 2 165.7
26 1 172.3
75 0 172.9
19 2 174.6
25 1 179.0
56 0 179.3
18 2 183.4
55 0 186.2
17 2 192.8
57 0 195.3
45 1 198.8
58 0 200.8
15 2 201.7
44 1 205.3
59 0 206.7
14 2 210.6
45 0 213.8
16 2 222.5
35 1 224.2
60 0 226.5
36 1 230.8
48 0 232.8
8 1 238.4
47 0 238.6
46 0 244.6
7 1 246.5
27 0 250.5
6 1 252.6
5 1 259.7
49 0 263.4
4 1 266.9
9 2 268.5
50 0 269.2
3 1 274.3
51 0 275.7
10 2 276.3
52 0 280.7
2 1 281.7
11 2 284.7
53 0 287.2
54 0 298.2
7 2 299.2
