1 0 5.6
22 1 6.7
12 3 7.0
53 2 9.0
2 0 11.2
23 1 12.7
11 3 13.5
52 2 18.0
24 1 18.3
3 0 18.8
10 3 20.4
25 1 25.1
4 0 26.1
51 2 26.2
9 3 26.6
26 1 31.9
5 0 33.1
8 3 33.8
50 2 35.0
27 1 38.9
6 0 40.0
36 3 42.7
49 2 43.7
46 1 45.5
7 0 45.8
35 3 49.9
8 0 51.6
48 2 52.1
47 1 52.1
34 3 57.2
33 3 64.5
58 1 64.9
54 2 70.3
57 1 70.5
31 3 72.3
17 0 76.2
56 1 76.2
30 3 79.4
77 2 79.8
15 0 82.2
55 1 83.5
29 3 86.1
16 0 88.7
76 2 89.1
45 3 94.0
72 2 96.9
14 0 98.0
71 2 107.0
49 1 108.0
32 3 109.9
19 0 113.3
50 1 114.1
70 2 115.4
20 0 119.4
51 1 121.0
69 2 124.2
52 1 126.4
21 0 126.7
