41 0 4.7
15 1 6.2
1 3 6.2
53 2 8.5
43 0 11.4
16 1 12.8
2 3 13.1
52 2 17.3
40 0 21.3
14 1 21.5
69 3 21.6
39 0 26.7
54 2 27.6
70 3 28.5
17 1 30.5
38 0 30.9
71 3 35.7
18 1 37.1
77 2 37.1
37 0 37.2
72 3 43.1
34 1 45.4
76 2 46.5
66 0 47.7
35 1 52.4
65 0 53.8
36 1 58.7
64 0 59.3
77 3 59.8
74 2 61.4
8 1 66.3
54 3 67.8
9 1 73.0
52 3 76.2
10 1 78.5
42 0 79.1
11 1 84.6
50 2 85.1
34 0 85.9
13 1 91.2
35 0 92.4
76 3 92.6
49 2 93.7
36 0 98.4
12 1 100.0
48 2 102.1
8 0 105.9
60 2 111.6
3 3 114.2
58 2 120.3
33 1 121.2
4 3 122.8
31 1 128.2
19 0 128.4
59 2 129.1
5 3 131.0
20 0 134.4
45 2 138.8
6 3 139.0
