1 0 4.5
22 1 5.8
53 2 8.0
2 0 10.1
23 1 11.8
52 2 16.9
24 1 17.4
3 0 17.7
25 1 24.4
4 0 25.1
51 2 25.1
26 1 31.1
5 0 32.0
50 2 33.9
27 1 38.1
6 0 38.8
49 2 42.8
28 1 44.4
7 0 44.8
8 0 50.4
29 1 50.7
48 2 51.1
9 0 56.8
30 1 59.5
10 0 61.7
60 2 62.5
31 1 65.7
11 0 67.3
32 1 72.3
13 0 73.2
75 2 75.3
33 1 82.1
12 0 82.2
73 2 84.5
34 1 88.9
74 2 92.5
35 1 95.7
36 0 99.2
63 2 100.4
36 1 103.5
35 0 105.5
62 2 109.2
8 1 110.2
34 0 111.5
61 2 117.9
19 1 127.7
20 1 134.1
72 2 134.2
18 0 135.6
21 1 141.2
76 2 142.3
16 0 147.9
77 2 151.3
14 0 157.5
46 1 157.5
54 2 161.2
47 1 163.8
48 1 169.5
19 0 172.6
49 1 176.0
20 0 178.8
50 1 182.3
71 2 184.7
21 0 185.7
51 1 189.2
24 0 191.9
70 2 193.0
52 1 194.7
69 2 201.7
60 1 208.4
28 0 208.8
2 2 211.1
29 0 214.6
44 1 217.5
58 2 238.5
39 1 241.6
40 1 248.7
55 2 251.5
43 1 256.4
