1 0 4.6
22 1 5.5
53 2 7.8
2 0 10.3
23 1 11.6
52 2 16.8
24 1 17.1
3 0 17.9
21 1 24.0
4 0 25.1
54 2 27.0
20 1 31.1
5 0 32.2
77 2 36.6
19 1 37.6
6 0 38.9
18 1 44.2
7 0 45.2
76 2 45.9
17 1 52.4
72 2 53.8
15 1 58.4
71 2 63.3
70 2 72.1
9 0 72.8
10 0 77.5
16 1 78.3
69 2 80.9
11 0 83.1
14 1 87.1
13 0 89.1
2 2 90.4
34 1 104.2
3 2 109.1
8 0 109.8
41 1 114.6
36 0 117.7
4 2 118.4
42 1 121.6
35 0 123.7
5 2 127.5
6 2 136.9
7 2 146.1
8 2 155.0
25 1 167.2
40 0 173.3
26 1 174.2
33 2 174.8
27 1 181.1
37 0 181.9
31 2 184.0
38 0 188.2
39 0 193.4
28 1 198.2
66 0 199.1
29 1 204.5
65 0 205.5
19 2 209.5
64 0 211.1
30 1 211.4
68 0 217.0
31 1 217.1
20 2 218.2
67 0 223.4
32 1 224.7
21 2 227.9
63 0 234.0
33 1 235.0
24 2 236.6
62 0 240.8
61 0 246.3
60 2 261.0
58 2 269.5
57 2 278.3
56 2 286.6
43 0 290.3
55 2 296.7
45 1 298.1
75 2 309.7
73 2 318.9
74 2 332.0
49 0 335.2
63 2 340.0
50 0 341.1
7 1 342.5
