1 0 4.3
22 1 5.8
53 2 7.9
2 0 10.0
23 1 11.8
52 2 17.0
24 1 17.4
3 0 17.6
21 1 24.2
4 0 24.8
51 2 25.3
20 1 31.3
5 0 32.0
50 2 34.0
19 1 37.8
6 0 38.7
49 2 42.8
18 1 44.3
7 0 44.6
8 0 50.4
48 2 51.1
17 1 51.5
15 1 57.9
46 2 62.0
34 1 70.4
27 2 70.6
33 1 77.2
28 2 80.0
31 1 83.9
66 0 85.9
29 2 88.1
65 0 91.9
30 1 94.2
64 0 97.7
29 1 100.2
26 2 101.5
68 0 103.1
67 0 109.2
32 1 110.3
25 2 110.8
63 0 119.8
24 2 120.1
62 0 125.9
61 0 131.9
14 1 132.2
16 1 141.5
74 0 146.1
73 0 150.9
42 2 154.8
72 0 156.7
71 0 163.2
41 2 163.5
70 0 169.2
28 1 172.5
69 0 175.1
27 1 178.4
45 1 188.7
59 2 190.7
76 0 196.4
58 2 199.2
77 0 202.5
60 2 208.3
54 0 209.3
52 0 216.6
44 2 244.5
