1 0 4.0
2 0 9.7
69 0 16.9
70 0 22.9
71 0 29.0
72 0 35.2
73 0 41.8
76 0 49.8
77 0 56.1
54 0 62.9
52 0 70.1
53 0 77.5
51 0 86.3
50 0 92.7
49 0 98.1
48 0 103.8
60 0 110.4
58 0 116.4
59 0 121.9
45 0 129.1
44 0 135.4
29 0 143.7
28 0 149.4
27 0 155.1
46 0 161.0
47 0 167.4
57 0 180.9
56 0 185.7
55 0 193.0
75 0 203.5
74 0 211.7
63 0 216.5
62 0 222.0
61 0 227.8
64 0 239.4
68 0 245.3
67 0 250.8
65 0 261.9
66 0 267.6
39 0 273.8
38 0 279.3
37 0 284.8
40 0 294.4
41 0 299.4
43 0 306.1
42 0 317.3
34 0 323.8
18 0 332.2
