1 0 4.2
22 1 5.7
53 2 7.9
2 0 9.8
23 1 11.7
52 2 17.0
24 1 17.2
3 0 17.5
21 1 24.0
4 0 24.9
54 2 27.1
20 1 31.0
5 0 31.8
77 2 36.7
19 1 37.9
6 0 38.5
18 1 44.1
7 0 44.5
76 2 46.1
8 0 50.1
17 1 51.2
72 2 54.0
9 0 56.3
15 1 57.7
10 0 61.3
73 2 63.0
11 0 66.8
75 2 72.5
56 2 81.2
12 0 82.0
34 1 88.8
55 2 91.2
36 0 98.6
32 1 100.1
57 2 102.5
35 0 104.6
30 1 109.3
58 2 110.7
34 0 110.9
29 1 115.3
60 2 119.9
40 0 122.5
28 1 124.8
39 0 128.0
48 2 128.9
27 1 130.7
38 0 132.3
37 0 138.3
45 1 140.9
44 1 147.5
64 2 153.8
68 2 161.9
33 0 163.5
31 0 170.0
26 1 170.7
67 2 170.8
25 1 177.3
65 2 183.6
17 0 187.9
66 2 192.3
46 1 193.6
15 0 194.0
14 0 200.0
47 1 200.2
39 2 201.4
48 1 205.8
16 0 209.7
49 1 212.1
50 1 218.4
62 2 219.0
51 1 225.3
61 2 227.7
52 1 230.9
13 0 246.9
71 1 249.4
70 1 255.6
69 1 262.0
2 1 268.8
59 1 294.0
74 0 294.4
73 0 299.3
51 2 304.3
50 2 312.9
49 2 321.7
43 0 324.4
47 2 332.4
46 2 340.9
9 1 340.9
68 0 343.4
10 1 346.4
67 0 349.4
27 2 349.7
11 1 352.6
