48 0 4.1
12 1 5.4
47 0 8.6
11 1 11.8
46 0 15.1
10 1 17.7
27 0 21.1
9 1 23.3
26 0 27.6
8 1 29.8
25 0 34.2
36 1 37.7
24 0 40.9
35 1 44.1
23 0 45.4
34 1 50.7
22 0 51.2
33 1 57.6
21 0 61.6
31 1 64.7
20 0 68.6
19 0 74.9
18 0 80.9
17 0 88.7
32 1 89.1
15 0 94.9
14 0 100.6
18 1 104.4
16 0 110.3
42 1 115.1
41 1 121.6
43 0 138.3
13 1 145.3
40 0 148.3
39 0 153.5
7 1 158.8
66 0 159.8
6 1 165.2
65 0 166.0
64 0 171.5
5 1 172.0
74 0 179.3
4 1 179.5
73 0 184.3
3 1 186.8
72 0 190.1
2 1 194.2
71 0 196.7
62 1 214.0
61 1 220.0
63 1 228.7
64 1 235.4
68 1 241.3
67 1 247.7
75 1 262.3
56 1 269.1
55 1 276.7
57 1 285.5
58 1 291.4
60 1 297.9
48 1 304.5
59 1 315.4
45 1 322.4
