1 0 4.2
22 1 5.6
53 2 7.7
23 1 11.6
3 0 14.3
51 2 18.2
25 1 19.6
4 0 21.6
26 1 26.4
50 2 27.0
5 0 28.6
27 1 33.3
49 2 35.8
7 0 37.9
28 1 39.7
8 0 43.7
48 2 44.4
9 0 50.0
59 1 54.9
10 0 55.0
11 0 60.4
54 2 62.2
57 1 63.1
12 0 66.6
56 1 68.6
77 2 71.8
13 0 75.2
55 1 75.8
76 2 81.2
71 2 91.8
47 1 92.1
36 0 92.3
35 0 98.5
46 1 98.7
70 2 100.3
69 2 109.1
42 0 109.2
41 0 115.1
1 2 121.8
43 0 122.8
20 1 124.1
19 1 130.7
40 0 132.6
3 2 133.9
39 0 137.9
17 1 140.0
38 0 142.1
4 2 143.7
15 1 146.2
37 0 148.5
16 1 153.1
5 2 153.4
14 1 161.9
66 0 162.0
7 2 164.9
65 0 168.1
8 2 173.5
64 0 173.8
34 1 177.1
63 0 179.7
62 0 185.8
61 0 191.4
