48 0 5.4
37 3 6.2
11 1 6.6
64 2 8.9
60 0 11.5
13 1 12.7
38 3 13.2
58 0 17.3
68 2 17.5
39 3 18.7
10 1 21.6
67 2 25.9
66 3 26.4
9 1 26.9
49 0 29.0
8 1 33.2
65 3 33.4
50 0 34.7
7 1 40.0
51 0 41.0
52 0 45.8
6 1 46.1
74 2 47.3
40 3 51.3
53 0 52.3
5 1 52.9
73 2 55.0
41 3 57.2
4 1 60.3
54 0 63.2
72 2 64.7
42 3 64.7
3 1 67.8
77 0 70.1
34 3 72.4
71 2 73.5
2 1 75.1
76 0 76.8
33 3 80.4
72 0 81.8
1 1 81.9
70 2 82.3
31 3 88.2
69 2 91.0
69 1 93.4
32 3 95.9
68 0 97.9
72 1 102.3
67 0 104.1
30 3 106.6
29 3 113.1
77 1 122.1
75 2 125.7
71 0 126.1
54 1 128.6
70 0 132.0
56 2 134.8
52 1 135.8
69 0 137.9
2 0 144.6
46 1 151.2
44 3 151.4
27 1 157.6
