1 0 8.6
22 1 11.1
53 2 15.1
23 1 17.0
69 0 18.2
70 0 24.2
25 1 25.0
51 2 25.6
71 0 30.1
26 1 31.9
50 2 34.4
72 0 36.3
27 1 38.7
49 2 43.2
28 1 45.0
76 0 47.4
48 2 51.6
77 0 54.0
46 1 59.4
54 0 60.9
60 2 61.2
47 1 66.1
52 0 68.0
58 2 70.0
53 0 74.9
57 1 77.7
56 1 83.6
51 0 83.6
44 2 83.9
50 0 89.7
55 1 90.8
49 0 95.7
48 0 101.2
75 2 103.6
74 2 114.1
59 1 115.6
28 0 116.2
45 1 122.8
62 2 124.1
30 0 129.9
61 2 132.9
31 0 135.7
33 1 135.8
32 0 142.0
18 1 146.0
68 2 147.9
14 1 156.9
67 2 156.9
16 1 166.2
9 0 168.8
65 2 169.7
10 0 173.6
66 2 178.3
11 0 179.2
42 1 183.5
13 0 185.2
41 1 190.0
