43 0 4.4
15 1 5.5
41 0 11.7
14 1 11.7
42 0 17.6
16 1 20.9
34 0 24.6
17 1 29.9
35 0 31.3
18 1 36.5
36 0 37.0
8 0 44.7
7 0 55.6
19 1 55.9
6 0 61.3
20 1 62.4
5 0 67.9
21 1 69.6
4 0 74.9
24 1 76.1
3 0 82.2
25 1 83.3
2 0 89.5
26 1 90.2
1 0 95.7
27 1 97.0
49 1 108.8
50 1 115.2
73 0 117.2
51 1 121.9
74 0 122.7
63 0 127.3
52 1 127.6
64 0 133.3
53 1 134.7
68 0 138.8
67 0 144.6
54 1 144.7
77 1 151.8
76 1 158.9
72 1 164.2
55 0 168.5
70 1 173.1
57 0 177.6
69 1 179.4
58 0 182.9
2 1 186.2
59 0 188.9
45 0 195.9
71 1 197.6
