34 0 4.9
24 1 6.1
1 2 8.1
18 0 12.3
25 1 13.1
2 2 16.9
17 0 19.0
26 1 19.4
15 0 25.3
27 1 26.4
69 2 26.6
14 0 31.1
28 1 32.7
70 2 35.3
29 1 39.0
16 0 40.7
71 2 44.1
46 1 49.0
72 2 53.3
47 1 55.7
19 0 55.8
48 1 61.0
20 0 62.2
73 2 63.1
21 0 69.0
58 1 70.5
75 2 72.6
24 0 75.0
57 1 78.8
23 0 80.6
56 1 84.6
76 2 85.1
22 0 86.3
77 2 94.6
25 0 96.7
49 1 98.2
26 0 103.1
54 2 104.2
50 1 104.3
27 0 109.7
51 1 110.9
52 2 114.1
46 0 115.8
53 1 118.9
47 0 122.1
52 1 126.5
48 0 127.4
60 0 133.7
58 0 139.7
3 2 143.9
75 0 151.5
59 1 151.9
4 2 153.9
73 0 157.9
45 1 159.0
