43 0 4.0
24 1 5.3
23 1 10.5
41 0 11.3
40 0 16.6
22 1 16.7
39 0 21.9
38 0 25.9
25 1 26.8
37 0 32.2
26 1 33.5
27 1 40.5
66 0 42.7
28 1 46.8
65 0 48.8
29 1 53.1
64 0 54.3
30 1 59.4
68 0 59.8
31 1 65.5
67 0 66.0
32 1 72.3
63 0 76.6
33 1 82.2
62 0 82.7
61 0 88.5
34 1 88.8
42 1 96.3
74 0 99.2
41 1 102.6
73 0 103.9
72 0 109.7
43 1 110.1
71 0 116.4
40 1 119.8
70 0 122.4
39 1 125.5
69 0 128.5
37 1 133.2
2 0 135.2
38 1 140.3
1 0 142.0
66 1 147.7
3 0 152.3
65 1 153.8
4 0 159.6
64 1 160.1
5 0 166.6
6 0 173.4
7 0 179.4
8 0 185.0
9 0 193.6
10 0 198.4
75 1 198.5
11 0 203.8
56 1 205.2
12 0 210.0
55 1 212.8
13 0 218.6
57 1 221.5
58 1 227.4
59 1 234.1
36 0 235.6
45 1 241.1
35 0 241.8
