1 0 4.0
22 1 5.4
53 2 7.6
2 0 9.6
23 1 11.3
52 2 16.6
24 1 17.0
3 0 17.3
25 1 23.9
4 0 24.5
51 2 24.6
26 1 30.6
5 0 31.7
50 2 33.5
27 1 37.5
6 0 38.3
49 2 42.3
7 0 44.2
46 1 44.8
8 0 50.0
48 2 50.8
47 1 51.1
9 0 56.5
10 0 61.6
11 0 67.0
13 0 73.2
58 2 79.0
12 0 82.2
44 1 82.8
59 2 87.0
29 1 90.7
45 2 96.9
30 1 97.8
36 0 99.2
31 1 103.3
35 0 105.4
28 2 108.4
33 1 110.7
34 0 111.5
27 2 116.7
34 1 122.9
18 0 124.8
42 1 129.5
17 0 131.2
41 1 135.5
15 0 137.4
75 2 141.2
16 0 143.4
38 1 143.9
37 1 149.8
73 2 150.1
14 0 152.7
74 2 158.5
66 1 159.8
65 1 166.2
63 2 166.3
19 0 168.0
64 1 172.3
20 0 174.1
62 2 175.1
