1 0 7.9
22 1 10.6
2 0 13.5
53 2 14.4
23 1 16.6
69 0 20.8
24 1 22.3
52 2 23.4
70 0 26.8
25 1 29.2
71 0 32.7
54 2 33.5
26 1 36.0
72 0 39.1
77 2 43.0
27 1 43.0
28 1 49.5
76 2 52.5
29 1 55.7
45 1 62.7
75 2 68.8
44 1 69.6
55 0 73.5
56 2 77.8
59 1 78.5
56 0 80.4
58 1 84.5
57 0 85.9
58 0 92.1
60 0 97.4
47 1 98.6
48 0 103.2
46 1 104.9
49 0 112.8
30 1 116.3
50 0 118.8
31 1 122.4
51 0 125.3
32 1 129.3
3 2 132.4
33 1 139.2
4 2 142.2
34 1 145.9
74 0 147.1
63 0 152.0
5 2 152.0
35 1 152.7
64 0 158.0
36 1 159.2
6 2 161.3
65 0 163.4
8 1 167.0
66 0 169.5
7 2 170.2
39 0 175.9
38 0 181.3
37 0 186.8
