1 0 4.4
22 1 5.7
53 2 7.7
2 0 10.0
23 1 11.8
52 2 16.8
69 0 17.2
24 1 17.4
70 0 23.3
25 1 24.2
54 2 26.9
71 0 29.2
26 1 31.0
72 0 35.4
77 2 36.5
27 1 37.9
46 1 44.6
76 2 45.9
74 0 46.4
47 1 51.3
63 0 51.3
72 2 53.5
62 0 56.6
48 1 56.9
61 0 62.7
73 2 62.8
60 1 63.9
58 1 70.2
75 2 72.2
57 1 77.7
56 2 81.1
76 0 82.3
55 1 85.2
77 0 88.8
54 0 95.7
59 1 99.9
47 2 102.3
52 0 102.9
45 1 107.1
46 2 111.4
29 1 113.7
27 2 120.0
28 2 129.2
17 1 132.6
29 2 137.4
15 1 139.0
16 1 145.6
44 2 148.9
64 0 152.1
14 1 154.8
65 0 157.9
66 0 163.9
33 2 166.2
39 0 170.1
34 2 175.3
38 0 175.5
9 1 179.2
37 0 181.0
10 1 184.8
18 2 185.9
40 0 190.4
11 1 191.0
19 2 194.7
41 0 195.6
12 1 197.7
42 0 201.6
20 2 203.7
34 0 208.2
21 2 213.4
24 2 222.2
29 0 225.1
30 0 230.3
22 2 232.5
49 1 237.8
32 0 239.2
23 2 241.6
50 1 244.0
51 1 250.9
25 2 251.9
52 1 256.4
26 2 261.0
53 1 264.1
43 0 265.4
54 1 274.0
77 1 281.1
35 2 286.0
68 0 287.9
76 1 288.1
72 1 293.5
67 0 293.9
36 2 295.1
71 1 300.8
8 2 305.3
70 1 306.9
69 1 313.3
13 2 319.5
2 1 320.2
1 1 327.6
75 0 328.0
56 0 334.4
7 2 336.0
3 1 337.0
55 0 341.3
4 1 344.5
6 2 344.8
57 0 350.6
