1 0 4.0
22 1 5.6
53 2 7.7
2 0 9.6
23 1 11.6
52 2 16.6
69 0 16.8
24 1 17.2
70 0 22.8
25 1 24.1
51 2 24.9
71 0 28.8
26 1 30.7
50 2 33.7
72 0 35.0
27 1 37.8
73 0 41.5
49 2 42.5
74 0 47.0
46 1 50.8
48 2 50.9
63 0 51.7
62 0 56.9
47 1 57.3
61 0 62.9
48 1 63.1
54 2 68.9
60 1 69.9
58 1 76.2
77 2 78.4
29 1 87.4
76 2 87.9
38 0 88.0
37 0 93.9
30 1 94.2
72 2 95.4
31 1 100.1
40 0 103.7
71 2 105.1
32 1 107.0
41 0 108.8
70 2 113.6
42 0 114.9
34 0 121.3
35 1 121.3
69 2 122.4
36 1 127.8
33 0 128.0
2 2 131.7
31 0 134.7
8 1 135.7
