1 0 4.2
22 1 5.6
53 2 7.8
2 0 9.9
23 1 11.6
52 2 16.8
24 1 17.2
3 0 17.6
25 1 24.2
4 0 24.8
54 2 27.1
26 1 31.1
5 0 32.0
77 2 36.6
27 1 37.8
6 0 38.8
28 1 44.3
7 0 44.8
76 2 45.9
8 0 50.5
29 1 50.6
72 2 53.8
9 0 57.1
30 1 57.5
10 0 62.0
73 2 62.9
31 1 63.3
11 0 67.5
32 1 70.3
74 2 71.7
12 0 73.9
63 2 79.1
33 1 80.7
13 0 82.8
34 1 87.2
62 2 88.1
35 1 94.4
61 2 96.9
36 0 99.9
36 1 101.1
64 2 110.4
68 2 118.7
19 1 126.8
67 2 127.6
46 0 131.2
20 1 133.3
47 0 137.5
21 1 140.4
65 2 140.4
48 0 142.6
49 0 148.3
66 2 149.2
50 0 154.1
