1 0 4.4
22 1 5.4
53 2 7.4
2 0 10.1
23 1 11.4
52 2 16.4
24 1 17.0
69 0 17.3
70 0 23.3
25 1 23.8
54 2 26.5
71 0 29.3
26 1 30.8
72 0 35.5
77 2 36.3
27 1 37.7
46 1 44.2
76 2 45.4
74 0 45.6
63 0 50.6
47 1 51.0
75 2 54.4
62 0 56.0
48 1 56.7
61 0 62.1
56 2 63.1
60 1 63.6
58 1 69.9
64 0 73.4
57 1 78.2
68 0 79.3
56 1 84.1
67 0 85.2
71 2 88.9
65 0 96.0
49 1 97.6
70 2 97.6
66 0 101.8
50 1 103.8
69 2 106.4
39 0 108.1
51 1 110.6
38 0 113.4
2 2 115.8
52 1 116.2
37 0 119.0
1 2 125.7
40 0 128.4
41 0 133.4
59 1 133.7
3 2 137.9
43 0 140.4
45 1 140.9
4 2 147.7
44 1 150.0
42 0 153.5
5 2 157.4
29 1 158.2
34 0 160.3
