56 0 5.2
53 3 6.3
2 1 6.9
18 2 8.8
75 0 11.7
52 3 13.7
1 1 13.8
73 0 17.8
17 2 17.8
54 3 22.5
3 1 23.2
72 0 24.2
15 2 26.7
71 0 30.4
4 1 30.5
77 3 30.6
14 2 35.5
70 0 36.2
5 1 37.7
76 3 38.5
69 0 42.2
72 3 44.3
6 1 44.7
16 2 47.5
2 0 48.8
7 1 51.1
8 1 57.3
9 1 64.3
34 2 65.4
62 3 67.1
10 1 69.7
68 0 73.6
61 3 74.1
35 2 74.8
11 1 75.8
64 0 78.9
13 1 82.5
36 2 83.6
65 0 85.1
66 0 90.8
12 1 91.2
8 2 93.8
39 0 97.0
40 0 103.4
51 3 104.5
41 0 108.7
50 3 112.5
38 0 116.8
49 3 119.6
9 2 119.8
37 0 122.7
48 3 126.4
10 2 127.6
47 3 133.3
11 2 135.9
19 1 137.2
46 3 140.4
42 0 140.5
20 1 143.5
34 0 147.2
27 3 147.4
21 1 150.9
28 3 154.9
24 1 157.2
29 3 161.6
33 2 164.7
22 1 165.2
43 0 168.4
23 1 172.1
45 3 179.0
25 1 179.6
