27 0 4.6
2 1 5.5
28 0 10.3
3 1 12.5
29 0 15.6
4 1 20.0
30 0 20.9
31 0 26.8
5 1 27.1
32 0 33.2
6 1 34.2
7 1 40.7
33 0 43.5
8 1 46.7
34 0 50.1
9 1 53.9
42 0 57.2
10 1 59.0
41 0 62.9
11 1 65.2
43 0 70.4
13 1 72.0
40 0 80.6
12 1 80.8
39 0 85.9
38 0 90.0
36 1 95.4
37 0 96.3
35 1 101.5
18 1 109.3
66 0 109.9
19 1 115.9
65 0 116.0
64 0 121.6
20 1 122.4
63 0 127.6
21 1 129.4
62 0 133.6
24 1 136.0
61 0 139.2
22 1 143.8
74 0 149.9
23 1 150.7
73 0 154.6
25 1 158.2
71 0 164.0
26 1 165.0
70 0 170.0
27 1 171.8
69 0 175.9
46 1 178.4
2 0 182.6
47 1 185.1
1 0 189.6
48 1 191.0
60 1 198.1
58 1 204.5
57 1 210.7
56 1 216.3
75 0 220.9
56 0 227.1
59 1 228.8
45 1 235.9
