1 0 2.4
22 1 3.3
53 2 8.1
2 0 8.1
23 1 9.3
24 1 14.9
69 0 15.3
52 2 17.1
70 0 21.3
25 1 22.0
54 2 27.2
71 0 27.3
26 1 28.7
72 0 33.5
27 1 35.7
77 2 36.7
28 1 41.9
73 0 46.2
76 2 46.3
29 1 48.2
72 2 53.8
45 1 54.9
30 1 63.4
31 1 69.4
64 0 70.3
65 0 76.0
66 0 82.0
42 1 84.7
39 0 88.2
74 2 90.6
41 1 91.1
38 0 93.6
63 2 98.4
37 0 99.0
62 2 107.3
61 2 116.0
7 1 121.9
68 0 124.9
6 1 128.1
67 0 130.9
5 1 135.1
4 1 142.3
47 2 144.8
3 1 149.6
40 0 149.8
46 2 153.7
41 0 154.8
2 1 157.0
43 0 161.5
27 2 162.6
44 2 177.8
9 1 178.7
10 1 183.9
11 1 190.0
33 2 195.4
57 0 196.0
12 1 196.9
58 0 201.2
34 2 204.3
13 1 205.6
49 0 212.8
50 0 218.6
19 2 221.1
51 0 225.1
52 0 229.9
20 2 230.0
18 1 230.7
17 1 237.6
21 2 239.6
15 1 244.1
24 2 248.5
59 0 250.6
16 1 251.0
45 0 257.7
14 1 259.8
35 2 271.9
55 0 275.7
36 2 280.7
32 1 281.7
8 2 290.8
47 0 294.7
46 0 301.1
43 1 301.3
27 0 307.1
40 1 311.1
39 1 316.9
59 2 321.0
21 0 323.1
68 1 329.4
20 0 330.0
67 1 335.7
49 2 336.0
19 0 336.4
