1 0 4.2
22 1 10.1
2 0 10.1
53 2 10.4
23 1 16.1
3 0 17.0
54 2 22.9
4 0 24.2
25 1 24.8
5 0 31.5
26 1 31.7
77 2 32.7
27 1 38.4
7 0 40.6
76 2 41.8
46 1 46.0
8 0 46.6
47 1 52.3
9 0 53.3
71 2 58.0
10 0 58.4
60 1 61.0
11 0 64.1
70 2 67.0
58 1 67.0
12 0 70.4
69 2 75.7
49 1 78.0
13 0 79.4
50 1 84.6
51 1 90.9
3 2 95.0
36 0 97.2
53 1 99.9
35 0 103.3
4 2 104.8
54 1 110.5
5 2 114.0
42 0 114.9
77 1 117.3
41 0 120.7
76 1 124.4
7 2 125.6
43 0 128.6
74 1 134.0
8 2 134.4
40 0 139.2
62 1 142.4
9 2 144.2
39 0 144.5
61 1 148.8
38 0 149.8
10 2 151.9
37 0 155.5
11 2 160.4
68 1 160.6
66 0 165.9
67 1 167.0
12 2 169.6
65 0 171.9
13 2 180.8
