1 0 12.9
22 1 15.4
12 3 17.7
53 2 18.5
2 0 18.6
23 1 21.4
11 3 24.2
69 0 25.9
24 1 27.0
52 2 27.6
13 3 31.8
70 0 31.8
21 1 33.9
54 2 37.6
71 0 37.9
20 1 40.9
10 3 41.4
72 0 44.0
77 2 47.2
9 3 47.3
19 1 47.5
18 1 53.9
8 3 54.5
75 2 57.3
17 1 61.0
55 0 63.0
36 3 63.4
56 2 65.7
15 1 67.5
35 3 70.7
57 0 73.0
57 2 74.4
16 1 76.9
58 0 77.9
43 3 79.4
60 2 85.1
48 0 86.6
34 1 91.6
46 2 98.0
42 1 98.6
40 3 98.7
59 0 99.2
41 1 105.0
39 3 105.0
45 0 106.5
27 2 106.6
29 0 112.5
43 1 115.1
66 3 115.1
28 2 115.8
30 0 118.5
65 3 122.3
29 2 123.9
31 0 124.3
68 3 129.5
30 2 132.6
28 0 135.7
67 3 136.4
14 1 140.2
31 2 141.1
27 0 141.5
64 3 145.6
26 0 148.3
33 2 150.8
63 3 152.7
25 0 154.7
62 3 159.8
42 2 160.2
25 1 164.9
61 3 166.9
41 2 169.0
26 1 171.2
40 2 178.8
73 3 180.2
45 1 181.5
49 0 181.7
39 2 186.9
50 0 187.7
71 3 190.8
51 0 194.1
33 1 194.1
38 2 194.7
70 3 198.0
52 0 199.0
37 2 203.3
69 3 205.0
2 3 212.9
62 1 219.4
3 3 221.6
61 1 225.6
