1 0 4.1
22 1 5.4
53 2 7.8
2 0 9.8
23 1 11.5
52 2 16.7
69 0 17.1
24 1 17.1
70 0 23.1
21 1 24.2
54 2 27.0
71 0 29.0
20 1 31.5
72 0 35.2
77 2 36.6
19 1 37.8
73 0 42.1
18 1 44.3
76 2 45.9
17 1 51.6
77 0 53.4
73 2 56.3
15 1 58.0
54 0 60.0
16 1 64.9
75 2 66.2
52 0 67.4
14 1 74.1
53 0 74.7
56 2 74.8
51 0 83.6
55 2 85.2
34 1 88.7
50 0 89.4
49 0 95.3
33 1 96.8
57 2 96.9
48 0 100.8
31 1 103.3
58 2 105.0
60 0 107.3
32 1 110.7
60 2 114.3
30 1 119.8
47 0 121.2
48 2 123.7
29 1 125.5
46 0 127.4
47 2 132.4
27 0 133.4
44 1 134.6
28 0 139.7
45 1 141.0
46 2 141.2
29 0 144.8
59 1 148.4
27 2 150.0
30 0 150.2
58 1 154.3
31 0 156.2
28 2 160.0
56 1 162.1
32 0 162.4
29 2 167.7
55 1 169.3
33 0 173.0
30 2 176.8
34 0 179.5
75 1 179.9
31 2 185.2
73 1 186.4
18 0 187.2
72 1 193.3
32 2 194.3
17 0 194.3
15 0 200.2
62 1 204.4
14 0 206.4
33 2 207.2
61 1 211.1
34 2 216.1
16 0 216.1
63 1 219.7
35 2 225.7
64 1 226.5
19 0 231.6
68 1 232.7
36 2 234.6
20 0 237.6
67 1 239.3
21 0 244.7
8 2 244.7
24 0 250.4
66 1 251.2
9 2 254.2
23 0 256.9
39 1 257.9
10 2 262.0
22 0 262.1
38 1 263.8
37 1 269.8
11 2 270.2
25 0 272.2
26 0 278.4
40 1 279.3
12 2 279.5
41 1 284.9
13 2 290.7
43 1 292.6
45 0 293.5
44 0 299.6
42 1 302.8
7 2 307.1
59 0 309.6
35 1 312.5
58 0 315.1
6 2 315.9
36 1 318.6
57 0 320.8
5 2 325.2
56 0 326.1
8 1 326.3
9 1 333.0
55 0 333.0
4 2 335.0
10 1 338.6
75 0 343.3
11 1 344.7
3 2 344.8
74 0 351.3
12 1 351.3
2 2 354.7
63 0 356.3
13 1 360.1
62 0 361.9
1 2 364.1
61 0 367.9
7 1 373.3
69 2 376.3
64 0 379.3
6 1 379.6
70 2 384.9
68 0 385.1
5 1 386.6
67 0 390.9
71 2 393.7
4 1 393.9
3 1 401.3
72 2 402.8
2 1 408.7
74 2 413.6
1 1 415.5
63 2 421.2
69 1 425.2
62 2 430.2
70 1 431.4
71 1 437.9
61 2 438.8
76 1 446.3
64 2 452.3
77 1 452.6
54 1 459.8
68 2 460.5
52 1 467.1
67 2 469.5
53 1 475.7
51 1 483.1
38 2 488.5
50 1 489.4
49 1 495.6
37 2 496.7
