1 0 10.4
22 1 13.2
2 0 16.1
53 2 17.9
23 1 19.3
3 0 23.8
24 1 24.9
52 2 26.9
4 0 31.0
25 1 31.7
54 2 36.9
5 0 38.0
26 1 38.6
6 0 44.8
27 1 45.5
77 2 46.6
7 0 50.7
28 1 51.8
76 2 56.0
8 0 56.4
29 1 58.0
9 0 62.9
72 2 63.7
30 1 64.2
10 0 67.8
31 1 70.4
73 2 72.7
11 0 73.3
32 1 77.4
13 0 79.2
71 2 84.6
33 1 87.2
12 0 88.2
70 2 93.3
34 1 93.9
42 1 101.2
69 2 102.0
36 0 105.2
41 1 107.6
35 0 111.3
2 2 111.5
34 0 117.3
1 2 121.4
43 1 127.7
3 2 133.4
45 0 137.9
4 2 143.3
44 0 143.3
19 1 146.4
20 1 152.8
5 2 153.0
59 0 153.3
58 0 158.8
21 1 160.1
6 2 162.4
7 2 171.2
74 0 174.3
63 0 179.3
8 2 179.9
39 1 187.0
9 2 189.3
71 0 192.0
66 1 193.8
10 2 197.0
70 0 197.9
65 1 200.2
69 0 203.8
11 2 205.5
64 1 206.6
63 1 213.0
13 2 214.5
62 1 219.4
61 1 225.6
12 2 225.8
60 0 238.7
72 1 239.2
36 2 243.6
48 0 245.0
77 1 246.9
49 0 250.6
35 2 252.2
54 1 254.1
50 0 256.7
34 2 261.2
52 1 261.4
51 0 263.1
52 0 268.1
18 2 272.4
53 0 274.5
76 1 274.5
17 2 281.8
75 1 284.9
15 2 290.7
56 1 291.1
47 0 292.8
55 1 298.6
46 0 299.0
16 2 299.6
27 0 305.0
57 1 307.5
14 2 311.3
58 1 313.4
68 1 331.6
42 2 333.6
17 0 334.0
67 1 338.2
15 0 340.1
41 2 341.9
19 0 352.0
38 1 353.5
20 0 358.3
37 1 359.6
19 2 360.1
21 0 365.3
20 2 368.8
24 0 371.2
35 1 377.4
21 2 378.5
36 1 383.6
24 2 387.3
8 1 391.3
42 0 395.9
41 0 401.8
40 0 406.7
39 0 412.4
66 0 418.9
65 0 425.0
17 1 429.6
64 0 430.6
15 1 435.9
68 0 436.0
67 0 442.2
55 0 474.4
62 0 493.5
61 0 499.5
