48 0 5.1
11 1 6.7
37 3 6.7
64 2 9.2
60 0 11.3
10 1 13.2
38 3 13.9
58 0 17.1
68 2 17.9
9 1 18.5
39 3 19.3
57 0 23.0
8 1 24.7
67 2 26.1
40 3 26.2
56 0 28.0
7 1 31.2
41 3 31.9
55 0 34.8
6 1 37.4
63 2 38.8
43 3 40.7
5 1 44.4
75 0 45.2
73 0 51.5
4 1 51.6
72 0 57.8
3 1 59.1
74 2 59.2
71 0 66.4
73 2 66.5
2 1 66.6
70 0 72.4
1 1 73.3
63 3 73.9
65 2 77.6
69 0 78.2
62 3 81.0
69 1 83.4
2 0 85.2
66 2 86.2
61 3 88.1
70 1 89.6
39 2 95.1
71 1 99.5
76 0 106.2
74 1 106.3
43 2 108.2
63 1 111.5
72 3 111.9
77 0 112.7
73 1 118.7
54 0 119.6
52 0 126.8
53 0 133.2
7 2 134.5
29 1 139.3
6 2 143.1
35 3 146.9
47 0 151.7
5 2 152.6
36 3 154.1
18 1 155.7
46 0 157.9
4 2 162.3
19 1 162.3
8 3 163.0
27 0 163.9
20 1 168.7
26 0 170.4
3 2 172.2
21 1 175.9
25 0 177.0
2 2 182.1
24 1 182.4
17 3 186.1
1 2 191.4
15 3 193.4
42 1 194.3
28 0 197.3
41 1 200.2
16 3 200.8
29 0 203.3
14 3 211.4
44 0 211.9
30 0 222.8
12 1 225.4
31 0 228.5
33 3 233.0
32 0 234.8
31 3 240.8
45 3 249.2
