1 0 5.1
22 1 6.6
2 0 10.8
23 1 12.5
69 0 18.1
24 1 18.2
70 0 24.0
21 1 24.9
71 0 30.0
20 1 32.1
72 0 36.3
19 1 38.6
76 0 41.0
18 1 45.1
77 0 47.9
17 1 52.1
54 0 54.8
15 1 58.5
52 0 62.0
14 1 65.1
53 0 68.8
16 1 74.5
51 0 77.6
50 0 83.6
34 1 89.4
49 0 89.5
48 0 95.2
33 1 95.9
47 0 100.0
31 1 102.7
46 0 106.7
32 1 109.5
27 0 112.6
28 0 118.4
30 1 118.8
29 1 124.8
59 0 133.3
35 1 136.6
58 0 138.7
36 1 142.9
57 0 144.4
56 0 149.6
8 1 150.7
75 0 156.0
9 1 157.3
73 0 162.6
10 1 162.9
11 1 169.0
74 0 173.5
12 1 175.6
63 0 178.5
13 1 184.3
64 0 184.4
7 1 197.7
40 0 198.3
41 0 203.4
6 1 204.0
