1 0 5.5
22 1 6.6
12 3 7.0
53 2 8.5
2 0 11.3
23 1 12.7
11 3 13.6
52 2 17.6
24 1 18.2
3 0 18.8
10 3 20.6
25 1 25.2
51 2 25.8
4 0 26.2
9 3 26.6
26 1 32.0
5 0 33.1
8 3 33.7
50 2 34.5
27 1 38.9
6 0 40.0
36 3 42.8
49 2 43.2
46 1 45.5
7 0 45.9
35 3 50.1
8 0 51.6
48 2 51.9
47 1 52.1
34 3 57.4
18 3 66.2
54 2 70.1
29 1 71.5
17 0 76.2
28 1 78.0
33 3 78.6
77 2 79.2
15 0 82.5
31 3 86.4
16 0 88.7
76 2 88.7
72 2 96.3
14 0 97.8
71 2 105.9
17 3 112.9
19 0 113.4
70 2 114.5
49 1 114.9
15 3 119.2
20 0 119.3
50 1 121.2
69 2 123.2
14 3 126.3
21 0 126.4
51 1 127.9
24 0 132.4
2 2 132.8
52 1 133.5
16 3 137.2
23 0 138.1
1 2 142.5
22 0 143.5
57 1 150.9
25 0 154.0
3 2 154.7
56 1 156.5
42 3 159.6
26 0 160.4
55 1 163.8
4 2 164.6
41 3 166.8
27 0 166.9
46 0 173.2
40 3 173.8
5 2 174.3
47 0 179.3
39 3 179.7
44 1 181.5
6 2 183.7
48 0 184.7
60 0 190.9
30 1 191.7
7 2 192.3
58 0 196.9
31 1 197.5
8 2 201.0
57 0 202.8
56 0 207.7
19 1 212.3
43 3 218.5
20 1 218.8
13 2 220.3
