1 0 4.5
22 1 5.8
53 2 7.9
2 0 10.2
23 1 11.7
52 2 16.9
24 1 17.4
69 0 17.4
70 0 23.4
21 1 24.6
50 2 27.8
71 0 29.4
20 1 31.7
72 0 35.7
49 2 36.6
19 1 38.2
73 0 42.5
18 1 44.5
48 2 44.6
76 0 51.2
17 1 52.2
47 2 54.7
77 0 57.5
15 1 58.3
46 2 62.7
54 0 64.3
16 1 66.1
27 2 71.4
52 0 71.8
14 1 76.0
53 0 79.1
26 2 82.0
51 0 89.4
25 2 91.7
50 0 95.6
42 1 96.5
24 2 100.7
49 0 101.2
41 1 102.6
48 0 106.7
23 2 110.5
43 1 110.8
47 0 112.5
22 2 118.1
46 0 118.8
40 1 121.4
27 0 124.8
39 1 126.8
21 2 131.4
29 0 133.4
37 1 135.4
28 0 139.5
20 2 141.1
38 1 142.1
26 0 149.5
19 2 150.2
66 1 150.7
25 0 156.2
65 1 156.2
18 2 158.6
24 0 162.5
64 1 162.9
23 0 167.6
17 2 169.0
68 1 170.4
22 0 173.7
67 1 176.8
15 2 177.9
21 0 185.2
63 1 187.5
14 2 187.9
20 0 192.1
62 1 194.4
19 0 198.1
16 2 199.7
61 1 200.7
18 0 203.8
73 1 212.0
15 0 213.3
34 2 218.1
72 1 218.8
16 0 219.5
71 1 225.3
33 2 227.6
14 0 228.8
70 1 231.4
31 2 236.9
69 1 238.1
2 1 245.0
34 0 246.3
32 2 246.6
33 0 253.8
3 1 257.9
30 2 258.5
31 0 260.5
4 1 265.1
29 2 266.9
32 0 267.0
5 1 272.4
28 2 276.0
30 0 277.3
6 1 279.4
7 1 285.7
45 0 285.9
8 1 291.9
59 0 297.5
9 1 299.3
60 2 302.9
58 0 303.3
10 1 304.5
60 0 309.6
11 1 310.6
13 1 317.2
57 2 318.7
57 0 324.4
12 1 326.4
56 2 326.8
55 0 333.6
55 2 336.6
56 0 340.1
36 1 341.1
35 1 347.2
75 2 349.5
74 0 351.5
34 1 354.0
63 0 356.5
73 2 358.2
33 1 360.9
62 0 361.9
72 2 367.3
61 0 367.9
31 1 367.9
