1 0 5.3
22 1 8.1
53 2 11.9
23 1 14.2
69 0 15.0
70 0 20.9
54 2 24.4
20 1 24.7
71 0 26.8
19 1 31.4
72 0 33.0
77 2 34.0
17 1 40.2
76 2 43.3
15 1 46.6
14 1 53.2
74 2 54.9
3 0 55.5
16 1 62.5
4 0 62.7
62 2 64.8
5 0 69.8
61 2 73.8
7 0 79.2
33 1 79.7
8 0 85.0
32 1 88.7
75 2 90.0
9 0 91.2
10 0 96.3
30 1 97.9
11 0 101.8
12 0 107.9
42 1 116.0
13 0 116.6
41 1 122.3
71 2 127.7
36 0 133.6
70 2 136.4
35 0 139.9
28 1 142.4
69 2 145.3
26 1 150.8
43 0 156.6
25 1 157.4
3 2 157.9
40 0 166.4
4 2 167.9
39 0 171.8
46 1 173.5
5 2 177.6
47 1 180.2
7 2 189.0
8 2 197.7
66 0 204.7
44 1 205.2
65 0 210.9
59 1 214.3
64 0 216.5
30 2 220.5
68 0 221.8
57 1 222.4
67 0 227.8
56 1 227.9
28 2 231.1
55 1 235.0
63 0 238.5
60 0 258.3
49 0 267.0
3 1 269.5
50 0 272.9
4 1 277.0
51 0 279.3
5 1 284.3
7 1 293.1
8 1 299.3
40 1 317.7
39 1 323.4
40 2 348.8
39 2 356.6
38 2 364.7
29 0 366.2
38 1 369.9
37 2 373.3
66 1 380.5
65 1 386.8
64 2 390.5
68 2 398.9
67 2 407.5
38 0 412.7
37 0 418.7
