1 0 4.8
22 1 5.9
12 3 6.3
53 2 8.5
2 0 10.5
23 1 12.0
11 3 12.7
52 2 17.5
24 1 17.7
3 0 18.1
13 3 20.4
21 1 24.3
4 0 25.3
51 2 25.6
10 3 29.9
20 1 31.4
5 0 32.4
50 2 34.5
9 3 36.0
19 1 38.1
6 0 39.2
8 3 43.2
49 2 43.2
18 1 44.4
7 0 45.1
17 1 51.6
48 2 51.7
15 1 57.9
36 3 58.1
47 2 60.4
46 2 69.2
33 1 74.1
7 3 75.5
69 0 76.2
27 2 78.0
31 1 80.7
70 0 82.1
6 3 82.4
28 2 87.0
71 0 88.1
32 1 89.9
5 3 90.3
72 0 94.4
30 2 95.7
4 3 98.4
76 0 99.1
33 2 104.9
77 0 105.9
3 3 107.0
14 1 111.3
54 0 112.8
34 2 113.8
2 3 115.6
52 0 120.1
16 1 120.7
35 2 123.2
53 0 127.0
36 2 132.1
51 0 136.6
42 1 138.5
50 0 142.3
8 2 142.4
41 1 145.0
49 0 148.0
48 0 153.3
66 1 155.5
47 0 158.9
65 1 161.6
46 0 165.0
64 1 168.0
27 0 170.9
18 2 172.0
43 3 178.0
26 0 178.1
17 2 181.4
25 0 184.7
