1 0 11.0
22 1 13.3
12 3 16.1
2 0 16.6
53 2 16.9
23 1 19.3
11 3 22.5
69 0 23.9
24 1 24.8
52 2 26.0
70 0 29.8
13 3 30.2
21 1 31.6
51 2 34.1
71 0 35.9
20 1 38.8
10 3 39.8
72 0 42.0
50 2 43.0
19 1 45.3
9 3 45.8
73 0 48.5
49 2 51.7
18 1 51.9
8 3 52.9
75 0 54.9
17 1 58.9
48 2 60.2
56 0 61.3
36 3 61.8
15 1 65.2
55 0 68.3
35 3 69.0
60 2 69.6
43 3 77.9
34 1 80.5
46 2 82.4
41 3 86.6
42 1 87.6
76 0 88.2
27 2 91.0
77 0 94.6
40 1 95.8
33 3 100.9
39 1 101.5
54 0 101.6
38 1 107.3
21 2 108.3
31 3 108.6
52 0 108.8
37 1 113.4
20 2 117.9
66 1 123.4
19 2 126.8
65 1 129.7
18 2 135.7
64 1 135.9
3 0 140.9
30 3 144.0
62 1 144.5
4 0 148.4
35 2 150.1
29 3 150.6
61 1 150.6
5 0 155.4
45 3 158.4
36 2 158.9
6 0 162.1
44 3 165.1
76 1 165.2
7 0 168.0
8 2 169.1
77 1 171.9
59 3 176.1
54 1 179.1
58 3 182.8
52 1 186.3
42 0 189.8
57 3 189.8
53 1 194.0
66 2 194.8
41 0 195.7
56 3 196.1
40 0 200.6
51 1 202.2
65 2 203.7
55 3 204.1
39 0 206.2
50 1 208.6
38 0 210.6
64 2 212.3
49 1 215.0
37 0 216.7
48 1 221.0
63 2 221.1
60 1 229.4
68 2 231.9
58 1 235.8
67 2 240.6
68 0 241.3
28 1 251.8
60 3 257.3
29 1 257.7
48 3 264.8
26 1 276.5
17 0 279.1
7 2 281.0
26 3 281.9
25 1 283.1
15 0 285.3
25 3 288.8
6 2 289.5
16 0 291.4
24 3 296.3
5 2 299.0
14 0 300.7
4 2 308.8
28 3 312.6
55 1 312.6
3 2 318.7
2 2 328.5
8 0 328.5
32 3 340.3
32 1 356.2
33 1 366.1
17 2 366.5
74 0 368.8
35 1 375.2
15 2 375.5
36 1 381.6
16 2 384.5
8 1 389.3
14 2 396.1
6 1 396.6
5 1 406.9
7 1 415.7
16 1 439.9
14 1 448.9
74 2 452.1
