27 0 4.1
16 1 5.4
72 2 7.8
46 0 9.6
15 1 11.6
47 0 15.9
73 2 16.2
14 1 18.7
48 0 21.1
49 0 26.7
17 1 27.6
71 2 28.3
50 0 32.6
18 1 34.2
70 2 36.9
51 0 38.8
34 1 42.6
52 0 43.7
69 2 45.6
35 1 49.6
53 0 50.4
2 2 54.9
36 1 55.8
54 0 61.4
8 1 63.4
1 2 64.9
77 0 68.3
9 1 70.1
76 0 75.1
10 1 75.8
3 2 76.9
72 0 79.7
11 1 81.6
73 0 85.6
4 2 86.9
13 1 88.4
71 0 95.3
5 2 96.6
12 1 97.2
70 0 101.3
6 2 105.9
69 0 107.2
2 0 113.8
41 2 119.2
1 0 120.9
39 1 125.9
40 2 126.6
3 0 131.3
38 1 131.3
39 2 134.8
37 1 137.5
4 0 138.5
66 2 144.1
5 0 145.6
65 1 149.7
6 0 152.3
65 2 153.2
64 1 155.5
7 0 158.3
8 0 164.0
66 1 164.3
43 1 176.6
63 2 179.0
75 2 190.4
33 1 192.1
31 1 198.7
9 0 199.2
56 2 199.6
10 0 204.1
55 2 209.4
11 0 209.6
59 1 212.1
58 1 218.1
62 2 237.4
32 0 242.7
61 2 246.1
28 1 251.3
27 1 257.1
68 2 261.2
19 0 263.0
20 0 269.2
67 2 270.0
21 0 276.2
74 1 281.1
24 0 282.1
63 1 286.7
23 0 287.9
57 2 292.5
62 1 293.1
22 0 293.4
61 1 299.4
58 2 300.3
25 0 303.7
60 2 309.3
26 0 310.2
48 2 318.5
28 0 321.9
3 1 324.1
29 0 327.9
45 2 330.5
4 1 331.7
