61 0 5.4
13 3 6.4
18 1 6.4
1 2 8.4
62 0 11.4
11 3 13.4
34 1 14.1
63 0 17.1
2 2 17.1
12 3 20.5
42 1 21.6
64 0 22.7
69 2 27.0
41 1 27.8
68 0 28.5
10 3 30.1
67 0 34.4
43 1 35.4
70 2 35.7
9 3 36.1
8 3 43.2
71 2 44.3
40 1 45.0
65 0 47.4
7 3 50.5
39 1 50.9
66 0 53.4
75 2 53.7
6 3 57.5
56 2 62.0
5 3 65.4
57 2 70.8
33 1 72.4
4 3 73.6
72 0 77.6
58 2 78.7
31 1 79.1
3 3 82.1
76 0 83.0
59 2 87.8
77 0 89.2
2 3 90.7
54 0 96.0
30 2 97.5
1 3 98.4
17 1 103.1
52 0 103.2
31 2 105.5
15 1 109.7
69 3 109.8
33 2 114.9
16 1 116.3
70 3 116.9
34 2 124.0
71 3 124.1
14 1 125.3
75 3 131.8
42 2 133.9
56 3 138.7
41 2 142.7
57 3 145.8
40 2 151.0
58 3 152.0
39 2 159.1
55 3 164.5
19 1 165.6
66 2 168.4
20 1 172.0
65 2 177.3
21 1 179.2
26 0 180.7
74 3 181.0
24 1 185.7
64 2 186.0
63 3 186.7
25 0 187.2
23 0 195.9
22 0 201.3
64 3 202.4
45 1 203.4
