1 0 4.1
2 0 9.8
3 0 17.3
4 0 24.6
5 0 31.6
6 0 38.4
7 0 44.3
8 0 50.1
9 0 56.5
10 0 61.3
11 0 66.9
12 0 73.0
13 0 81.6
36 0 98.7
35 0 104.8
34 0 111.0
42 0 118.8
41 0 124.9
43 0 132.4
40 0 142.4
39 0 147.7
38 0 151.9
37 0 158.2
66 0 168.4
65 0 174.6
64 0 180.3
68 0 185.8
67 0 191.9
63 0 202.4
62 0 208.6
61 0 214.4
74 0 225.2
73 0 230.0
75 0 236.1
56 0 242.5
55 0 249.4
57 0 258.6
58 0 264.0
59 0 270.0
45 0 276.9
44 0 283.3
29 0 291.4
28 0 297.3
27 0 302.9
30 0 313.2
31 0 319.1
32 0 325.4
33 0 335.8
18 0 346.6
17 0 353.4
15 0 359.4
16 0 365.7
