1 0 4.5
22 1 5.7
2 0 10.2
23 1 11.7
24 1 17.3
69 0 17.4
70 0 23.4
25 1 24.3
71 0 29.4
26 1 31.0
72 0 35.6
27 1 37.9
73 0 42.1
46 1 44.5
75 0 48.3
47 1 51.2
56 0 54.8
48 1 56.9
55 0 61.7
60 1 63.8
59 1 71.0
29 1 77.9
28 1 83.9
3 0 96.2
21 1 99.4
4 0 103.6
20 1 106.6
5 0 110.6
19 1 113.3
6 0 117.4
18 1 119.7
7 0 123.4
34 1 127.9
8 0 129.1
35 1 134.8
9 0 135.5
10 0 140.4
36 1 141.2
11 0 145.9
8 1 148.9
12 0 155.1
9 1 155.5
10 1 161.1
11 1 167.1
13 1 173.8
12 1 182.6
40 0 185.6
39 0 191.0
66 0 197.4
65 0 203.4
42 1 204.1
64 0 209.0
41 1 210.4
62 0 217.4
33 1 222.3
61 0 223.4
31 1 229.1
74 0 234.3
32 1 235.9
76 0 243.5
30 1 245.2
77 0 249.9
54 0 256.8
52 0 263.9
49 1 264.2
51 0 269.3
50 1 270.4
50 0 276.5
51 1 277.6
49 0 281.9
52 1 282.9
48 0 287.2
53 1 289.7
54 1 299.9
53 0 302.9
77 1 307.0
76 1 313.9
72 1 319.5
38 0 340.8
37 0 346.8
13 0 383.9
43 0 417.6
68 0 448.2
67 0 454.2
