16 0 5.0
2 1 6.1
29 3 6.3
72 2 8.5
15 0 10.6
1 1 13.0
28 3 13.1
17 0 17.0
71 2 17.6
27 3 19.4
3 1 22.4
18 0 23.4
70 2 26.1
4 1 29.8
34 0 31.6
45 3 32.0
69 2 34.7
5 1 37.0
33 0 38.8
44 3 38.8
6 1 44.0
2 2 44.2
31 0 45.3
7 1 50.4
1 2 54.0
30 0 54.1
8 1 56.6
59 3 59.5
29 0 59.7
9 1 63.6
58 3 66.1
3 2 66.2
10 1 69.0
26 0 71.1
60 3 73.5
11 1 75.0
4 2 76.1
25 0 77.5
48 3 80.9
12 1 81.8
24 0 84.2
5 2 85.8
47 3 87.6
23 0 88.7
13 1 90.4
22 0 94.8
46 3 95.1
6 2 95.2
7 2 104.0
21 0 105.0
36 1 108.1
49 3 111.8
20 0 112.1
35 1 114.6
41 2 116.3
19 0 118.2
50 3 118.8
34 1 121.2
43 2 125.5
51 3 126.5
52 3 132.5
14 0 134.5
40 2 137.5
53 3 140.1
39 2 145.8
54 3 152.6
40 0 160.5
77 3 160.6
39 0 165.9
76 3 168.6
66 0 174.2
72 3 174.3
32 2 178.9
65 0 180.3
