1 0 0.6
22 1 0.9
53 2 1.7
11 3 4.1
2 0 6.4
23 1 7.0
52 2 10.6
10 3 11.1
24 1 12.5
69 0 13.5
9 3 17.2
25 1 19.4
70 0 19.6
54 2 20.8
8 3 24.4
71 0 25.6
26 1 26.2
77 2 30.4
7 3 31.7
72 0 31.7
27 1 33.1
6 3 38.8
28 1 39.4
76 2 39.8
74 0 42.5
29 1 45.8
5 3 46.6
63 0 47.4
75 2 49.1
62 0 52.8
4 3 54.8
46 1 55.9
56 2 57.9
61 0 58.8
47 1 62.4
3 3 63.4
48 1 68.1
64 0 70.3
2 3 72.0
68 0 76.1
1 3 79.6
67 0 81.9
71 2 89.7
33 1 91.1
69 3 91.5
65 0 94.0
34 1 97.7
70 2 98.5
66 0 99.8
70 3 101.0
39 0 106.1
72 3 108.8
2 2 110.6
40 0 111.7
41 0 116.7
13 1 116.8
76 3 118.6
43 0 123.7
77 3 126.4
7 1 130.4
54 3 134.5
42 0 134.7
6 1 136.6
65 2 137.9
34 0 141.6
5 1 143.7
50 3 143.7
66 2 146.7
49 3 150.7
4 1 150.8
17 0 153.4
39 2 155.9
48 3 157.4
3 1 158.2
15 0 159.6
60 3 165.1
2 1 165.8
16 0 165.8
58 3 172.3
14 0 174.9
69 1 175.3
38 2 176.3
59 3 179.2
70 1 181.7
37 2 184.7
45 3 187.6
71 1 188.0
72 1 194.8
44 3 194.9
40 2 196.9
76 1 200.5
30 0 203.2
41 2 204.6
77 1 207.1
29 0 208.5
54 1 214.3
43 2 214.7
46 0 219.4
52 1 221.5
47 0 225.8
48 0 230.9
55 3 237.4
57 0 243.3
68 1 244.8
56 0 249.4
67 1 251.2
55 0 255.4
35 2 256.2
47 3 257.6
36 2 265.2
46 3 265.3
27 3 272.2
8 2 275.4
30 3 289.7
18 1 291.6
31 3 296.5
19 2 297.3
20 1 300.6
32 3 304.2
21 2 308.8
24 2 317.4
38 1 328.7
37 1 334.8
45 0 341.7
44 2 341.8
68 2 370.7
67 2 379.5
32 1 391.4
44 1 413.5
57 1 426.3
20 2 428.2
21 1 454.1
21 0 458.2
32 2 461.7
19 1 463.4
20 0 463.4
19 0 469.0
56 1 488.1
55 2 488.8
