1 0 4.5
22 1 5.8
2 0 10.2
23 1 11.9
24 1 17.5
3 0 17.8
21 1 24.3
4 0 25.1
20 1 31.4
5 0 32.1
19 1 37.9
6 0 38.8
18 1 44.3
7 0 44.7
8 0 50.4
17 1 51.4
9 0 56.8
15 1 57.9
10 0 61.7
11 0 67.2
16 1 78.7
36 0 86.0
35 0 92.1
34 1 93.5
34 0 98.3
42 1 100.5
33 0 105.0
41 1 107.0
31 0 111.8
66 1 116.8
45 0 123.0
65 1 123.3
64 1 129.5
63 1 135.9
49 0 140.8
62 1 142.5
50 0 146.7
61 1 148.7
51 0 152.9
52 0 158.0
68 1 160.9
53 0 164.5
67 1 167.3
54 0 175.5
77 0 182.4
76 0 189.1
72 0 193.8
32 1 196.5
71 0 200.4
30 1 205.7
70 0 206.2
29 1 211.6
69 0 212.1
59 1 221.4
58 1 227.3
73 0 233.8
57 1 234.0
74 0 239.3
56 1 239.6
63 0 243.9
55 1 246.8
