34 0 4.4
8 1 5.6
9 1 11.7
18 0 12.3
10 1 17.4
17 0 19.0
11 1 23.5
15 0 25.3
14 0 39.6
36 1 46.3
19 0 55.5
35 1 55.8
34 1 61.3
20 0 61.7
33 1 66.8
21 0 68.6
31 1 73.4
24 0 74.7
23 0 80.3
22 0 85.7
66 1 92.9
25 0 96.1
65 1 99.1
26 0 102.6
64 1 105.2
27 0 109.3
62 1 113.9
28 0 115.0
61 1 120.0
29 0 120.8
74 1 130.7
46 0 131.7
73 1 135.6
47 0 138.0
72 1 142.6
48 0 143.0
60 0 149.4
75 1 151.5
58 0 155.5
56 1 158.0
57 0 161.3
56 0 166.4
49 1 171.8
55 0 173.1
50 1 178.0
51 1 184.6
59 0 187.0
52 1 190.3
45 0 194.1
