1 0 2.4
22 1 3.8
2 0 8.1
23 1 9.9
53 2 11.7
69 0 15.3
24 1 15.5
52 2 20.7
70 0 21.2
25 1 22.3
71 0 27.4
26 1 29.0
54 2 31.1
72 0 33.6
27 1 36.1
77 2 40.7
28 1 42.4
29 1 48.6
76 2 50.0
72 2 57.8
30 1 62.8
55 0 63.1
73 2 67.1
31 1 69.0
57 0 71.9
75 2 76.6
58 0 77.4
59 0 83.5
56 2 85.4
9 1 88.1
45 0 90.3
10 1 93.4
11 1 99.6
47 2 102.2
12 1 106.4
46 2 111.0
74 0 112.8
63 0 117.7
27 2 119.7
62 0 123.2
61 0 129.0
26 2 129.1
25 2 138.3
64 0 140.5
13 1 145.0
65 0 146.4
24 2 147.7
66 0 152.5
21 2 157.0
39 0 158.7
20 2 166.8
40 0 170.1
41 0 175.3
19 2 175.6
42 0 181.3
18 2 184.4
34 0 187.7
14 1 190.6
15 1 197.1
43 0 206.9
7 1 219.1
38 0 220.0
49 2 224.4
6 1 225.4
37 0 225.8
5 1 232.4
50 2 233.0
4 1 239.5
51 2 242.0
68 0 243.8
3 1 247.0
67 0 249.6
2 1 254.5
44 2 269.5
60 0 277.4
48 0 283.6
32 2 287.3
49 0 289.2
50 0 295.2
45 1 297.6
51 0 301.5
44 1 303.8
52 0 306.5
16 2 313.1
60 1 316.5
14 2 324.9
48 1 324.9
49 1 330.3
44 0 333.9
50 1 336.1
