1 0 4.5
22 1 5.8
53 2 7.7
2 0 10.2
23 1 11.8
52 2 16.8
69 0 17.3
24 1 17.4
70 0 23.3
25 1 24.2
54 2 26.8
71 0 29.3
26 1 31.0
72 0 35.6
77 2 36.4
27 1 37.9
28 1 44.3
76 2 45.8
29 1 50.5
72 2 53.6
55 0 54.8
46 1 60.6
57 0 64.0
47 1 67.2
58 0 69.4
48 1 73.0
3 2 73.2
60 0 77.0
4 2 83.1
48 0 83.2
5 2 92.8
17 1 100.7
6 2 102.2
74 0 104.4
15 1 107.2
63 0 109.4
7 2 111.0
16 1 113.8
64 0 115.5
8 2 119.5
65 0 121.0
66 0 127.2
9 2 128.9
39 0 133.3
10 2 136.8
38 0 138.7
37 0 144.2
11 2 145.2
49 1 151.2
40 0 153.7
12 2 154.2
50 1 157.4
41 0 158.7
51 1 164.3
13 2 165.6
52 1 169.9
68 0 176.2
67 0 182.2
18 2 192.0
44 1 192.2
62 0 195.3
61 0 201.2
35 1 211.3
36 1 217.7
8 1 225.4
59 0 227.4
75 2 229.7
45 0 234.5
56 2 238.7
42 1 240.2
41 1 246.5
59 2 251.0
43 1 254.1
44 2 262.7
29 2 272.5
19 1 273.6
20 1 280.0
30 2 280.5
