32 0 4.7
73 1 5.5
8 2 7.9
31 0 10.9
75 1 12.1
9 2 16.5
33 0 17.5
56 1 18.6
34 0 24.0
10 2 24.4
55 1 26.2
18 0 32.3
11 2 33.0
57 1 35.0
17 0 39.4
58 1 40.9
13 2 41.9
15 0 45.3
60 1 47.5
48 1 54.0
49 1 60.6
7 2 65.6
50 1 66.7
30 0 71.8
51 1 73.4
6 2 74.3
29 0 77.3
52 1 79.1
28 0 83.4
5 2 83.7
53 1 86.1
27 0 88.8
4 2 93.4
26 0 95.7
54 1 96.3
25 0 102.1
3 2 103.3
77 1 103.4
24 0 108.6
76 1 110.3
2 2 113.2
23 0 113.3
72 1 115.6
22 0 119.1
1 2 123.0
63 1 125.7
62 1 132.1
69 2 135.2
61 1 138.3
46 0 139.0
70 2 143.7
47 0 145.3
64 1 149.1
48 0 150.5
71 2 152.5
49 0 156.1
50 0 161.9
63 2 162.2
51 0 168.2
64 2 170.5
52 0 173.3
53 0 179.7
13 1 183.3
12 1 192.4
35 2 194.7
60 0 199.0
36 2 203.4
58 0 205.1
57 0 210.9
56 0 215.8
17 1 217.0
55 0 222.6
15 1 223.5
19 2 228.2
14 1 230.1
59 0 236.3
20 2 237.0
45 0 243.4
