1 0 4.0
22 1 5.1
53 2 7.1
2 0 9.6
23 1 11.0
52 2 16.3
24 1 16.8
3 0 17.1
25 1 24.0
4 0 24.9
54 2 26.8
26 1 30.6
5 0 31.7
77 2 36.4
27 1 37.5
6 0 38.2
28 1 43.7
7 0 44.2
76 2 45.8
8 0 50.0
29 1 50.2
72 2 53.5
9 0 56.4
46 1 60.6
10 0 61.2
73 2 62.7
11 0 66.6
47 1 67.0
48 1 72.8
12 0 72.9
71 2 74.6
49 1 79.2
13 0 81.7
70 2 83.3
50 1 85.3
51 1 92.0
69 2 92.1
52 1 97.8
36 0 98.7
2 2 101.3
35 0 104.7
53 1 104.8
34 0 111.0
1 2 111.4
54 1 114.7
42 0 119.0
77 1 121.9
3 2 123.4
41 0 124.9
76 1 129.0
43 0 132.3
4 2 133.1
72 1 134.3
40 0 142.5
5 2 142.7
70 1 143.3
39 0 147.6
69 1 149.6
6 2 152.4
2 1 156.4
7 2 161.0
1 1 163.9
68 0 167.1
8 2 169.7
67 0 173.1
3 1 173.3
4 1 180.8
63 0 185.4
5 1 188.0
74 0 190.4
6 1 195.0
73 0 195.2
66 2 195.5
7 1 201.2
75 0 201.8
65 2 204.4
8 1 207.5
56 0 208.1
64 2 212.9
55 0 215.0
57 0 224.2
17 1 225.8
58 0 229.6
15 1 232.4
14 1 238.8
44 0 242.1
16 1 248.1
29 0 250.4
33 1 265.1
31 1 271.8
32 1 278.9
63 2 281.1
62 2 288.8
42 1 294.1
37 0 294.1
61 2 297.2
41 1 300.4
19 1 326.5
16 0 327.2
20 1 332.8
30 2 334.0
14 0 336.6
21 1 339.8
29 2 342.4
59 2 355.0
58 2 363.3
