1 0 5.1
22 1 6.0
12 3 6.1
53 2 8.1
2 0 10.7
23 1 12.0
11 3 12.6
52 2 17.1
24 1 17.7
69 0 18.0
10 3 19.5
70 0 24.0
21 1 25.1
9 3 25.8
54 2 27.6
71 0 30.3
20 1 32.0
8 3 33.0
72 0 36.1
77 2 37.2
19 1 38.6
36 3 42.5
18 1 44.9
76 2 46.5
73 0 46.7
35 3 49.6
75 2 56.1
16 1 58.6
55 0 59.6
56 2 64.6
13 3 66.8
14 1 67.7
57 0 68.9
58 0 74.1
48 2 79.4
60 0 80.4
34 1 82.7
7 3 83.7
48 0 86.5
47 2 88.4
42 1 90.2
6 3 90.5
49 0 92.4
41 1 96.4
46 2 97.3
5 3 98.4
50 0 98.6
51 0 105.0
38 1 105.6
27 2 106.1
4 3 106.5
52 0 109.8
37 1 111.4
3 3 115.0
26 2 115.5
66 1 121.6
2 3 123.6
25 2 124.7
65 1 127.4
59 0 130.9
1 3 131.7
64 1 133.8
24 2 134.0
45 0 138.0
69 3 143.5
22 2 144.6
29 0 144.8
75 1 145.3
70 3 150.7
30 0 151.4
56 1 152.1
23 2 153.9
31 0 156.9
71 3 157.7
55 1 160.0
21 2 164.6
72 3 165.2
57 1 168.8
76 3 172.4
20 2 173.9
58 1 175.2
77 3 179.6
60 1 181.9
54 3 187.8
34 2 189.3
32 0 191.6
28 1 192.1
52 3 196.2
29 1 198.1
42 2 198.5
33 0 201.8
53 3 204.3
41 2 207.6
34 0 208.4
35 0 214.9
39 2 220.8
36 0 220.9
