1 0 4.9
22 1 5.6
53 2 8.2
2 0 10.6
23 1 11.5
24 1 17.2
52 2 17.2
3 0 18.2
21 1 23.9
51 2 25.3
4 0 25.4
20 1 31.1
5 0 32.5
50 2 34.2
19 1 37.6
6 0 39.3
49 2 42.9
18 1 44.0
7 0 45.1
8 0 50.8
17 1 51.1
48 2 51.4
9 0 57.2
15 1 57.6
47 2 60.1
10 0 62.2
11 0 67.7
46 2 68.8
12 0 76.6
16 1 77.3
27 2 77.6
13 0 85.1
14 1 86.3
26 2 87.2
25 2 96.5
34 1 101.3
36 0 102.1
24 2 105.7
35 0 108.3
30 1 112.2
34 0 114.5
22 2 115.8
29 1 118.2
28 1 124.9
23 2 125.2
43 0 128.4
27 1 130.6
21 2 135.0
46 1 137.5
40 0 138.2
39 0 143.6
47 1 143.9
20 2 144.7
48 1 149.8
19 2 153.6
60 1 156.5
33 0 161.5
18 2 162.3
58 1 163.0
31 0 168.2
57 1 169.1
56 1 174.9
45 0 179.5
55 1 182.1
59 0 186.8
58 0 192.3
76 2 196.6
75 1 200.9
77 2 205.8
44 0 205.8
73 1 207.4
74 1 214.4
54 2 215.3
63 1 220.1
32 0 222.1
72 1 229.0
71 1 235.8
70 1 242.3
62 2 242.7
69 1 248.6
61 2 251.5
2 1 255.5
68 0 257.6
67 0 263.8
38 2 272.6
63 0 274.3
62 1 275.4
37 2 281.4
61 1 281.6
38 0 290.3
64 1 292.3
