43 0 4.2
16 1 5.4
41 0 11.5
15 1 11.5
40 0 16.9
14 1 18.6
39 0 22.0
38 0 26.2
17 1 27.5
37 0 32.4
18 1 34.0
19 1 40.8
66 0 42.8
20 1 47.3
65 0 49.0
21 1 54.4
64 0 54.7
68 0 59.9
24 1 61.0
67 0 66.1
22 1 68.9
23 1 75.6
63 0 76.9
62 0 82.9
25 1 83.4
61 0 88.8
26 1 89.9
27 1 96.7
74 0 99.5
46 1 103.6
73 0 104.3
72 0 109.9
47 1 110.2
48 1 115.9
75 0 119.7
49 1 122.2
56 0 125.9
50 1 128.3
54 1 136.1
77 1 142.8
71 0 143.2
70 0 149.2
69 0 155.1
52 1 156.8
2 0 161.7
1 0 168.7
60 1 170.8
58 1 177.2
3 0 179.1
59 1 183.7
4 0 186.5
45 1 190.8
