1 0 8.0
22 1 10.3
2 0 13.7
53 2 14.2
23 1 16.4
3 0 21.2
24 1 21.9
52 2 23.1
4 0 28.5
25 1 28.9
51 2 31.4
5 0 35.6
26 1 35.6
50 2 40.1
6 0 42.3
27 1 42.6
7 0 48.2
49 2 48.9
8 0 53.9
48 2 57.3
9 0 60.4
21 1 61.0
10 0 65.3
20 1 68.2
11 0 70.7
19 1 74.7
54 2 75.1
12 0 76.9
18 1 80.9
77 2 84.8
76 2 94.1
32 1 96.5
36 0 98.0
72 2 102.1
35 0 103.9
30 1 105.6
34 0 110.2
29 1 111.3
71 2 111.5
33 0 116.9
70 2 120.3
46 1 121.7
31 0 123.8
47 1 128.2
69 2 128.9
48 1 133.8
28 0 134.6
2 2 138.2
27 0 140.2
60 1 141.0
58 1 147.1
1 2 148.1
45 0 151.2
44 0 156.7
73 2 169.1
42 1 175.8
74 2 177.6
41 1 182.3
63 2 185.0
40 0 186.5
39 0 191.4
62 2 194.0
35 1 196.5
37 0 197.7
36 1 202.7
61 2 202.7
8 1 210.4
64 2 216.0
13 1 221.8
65 2 224.8
57 0 229.2
66 2 233.6
58 0 234.3
59 0 240.4
39 2 242.6
17 1 247.0
15 1 253.4
68 2 258.2
16 1 260.1
67 2 266.7
14 1 269.2
75 2 284.4
