1 0 4.3
22 1 5.1
53 2 7.8
2 0 10.0
23 1 11.2
24 1 16.8
52 2 16.8
3 0 17.6
25 1 23.7
4 0 24.8
54 2 26.9
26 1 30.5
5 0 31.9
77 2 36.5
27 1 37.4
6 0 38.7
46 1 44.0
7 0 44.6
76 2 45.9
8 0 50.3
47 1 50.6
72 2 53.5
48 1 56.4
9 0 56.7
10 0 61.5
71 2 63.1
60 1 63.2
11 0 67.1
58 1 69.7
70 2 71.7
13 0 72.9
49 1 80.0
69 2 80.5
12 0 81.9
50 1 86.4
2 2 89.9
51 1 93.2
52 1 98.7
36 0 99.0
1 2 99.6
35 0 105.0
53 1 105.7
34 0 111.3
3 2 111.9
54 1 115.9
42 0 119.0
4 2 121.7
77 1 123.0
41 0 125.0
76 1 129.9
5 2 131.5
43 0 132.5
72 1 135.5
6 2 140.9
73 1 142.2
40 0 142.3
39 0 147.7
7 2 149.7
71 1 151.3
38 0 152.0
70 1 157.7
8 2 158.3
37 0 158.3
69 1 164.0
66 0 170.8
2 1 171.0
34 2 174.8
65 0 177.0
1 1 178.3
64 0 182.5
33 2 183.0
3 1 187.8
68 0 188.0
31 2 192.1
67 0 194.1
4 1 195.3
5 1 202.4
63 0 206.4
59 2 208.7
6 1 209.5
74 0 211.4
7 1 215.8
73 0 216.3
58 2 217.0
8 1 222.1
60 2 226.1
55 0 231.3
48 2 235.0
57 0 240.0
58 0 245.4
28 2 250.1
75 1 254.3
29 0 258.0
56 1 261.0
30 0 264.1
31 0 269.8
18 2 271.4
32 0 276.0
19 2 280.3
20 2 289.2
44 0 293.2
17 1 295.8
21 2 298.9
15 1 302.3
24 2 307.7
16 1 308.7
14 1 317.7
62 0 321.4
61 0 327.4
32 1 339.5
30 1 349.7
29 1 355.7
18 0 362.3
45 1 362.6
44 1 369.0
17 0 369.1
15 0 375.2
14 0 381.0
57 1 381.7
