1 0 4.6
22 1 5.8
53 2 8.0
2 0 10.2
23 1 11.7
52 2 16.9
24 1 17.4
69 0 17.5
70 0 23.4
21 1 24.2
54 2 27.1
71 0 29.4
20 1 31.2
72 0 35.7
77 2 36.7
19 1 37.9
18 1 44.3
76 2 46.1
17 1 51.4
72 2 53.7
55 0 54.6
15 1 57.7
57 0 63.6
16 1 64.5
58 0 69.1
3 2 73.4
14 1 73.5
60 0 75.1
48 0 81.4
4 2 83.2
49 0 87.1
34 1 88.6
5 2 92.9
50 0 93.1
33 1 95.8
51 0 99.4
6 2 102.4
31 1 102.4
52 0 104.4
32 1 109.3
7 2 111.2
30 1 118.6
8 2 119.7
29 1 124.5
59 0 125.2
45 0 132.3
13 2 134.3
42 1 150.0
36 2 152.2
74 0 155.8
41 1 156.4
63 0 160.7
35 2 161.0
43 1 165.4
64 0 166.9
34 2 170.0
39 0 182.6
38 0 186.2
73 1 187.5
12 2 192.7
72 1 193.3
75 1 202.4
62 0 207.6
56 1 208.8
61 0 213.5
28 1 226.8
68 0 227.1
27 2 229.0
67 0 233.3
27 1 235.0
46 2 237.3
26 1 240.7
47 2 246.5
25 1 246.9
48 2 254.4
46 1 262.8
47 1 269.4
48 1 275.2
44 2 275.9
27 0 288.5
26 2 293.6
62 1 295.9
25 0 298.7
61 1 302.3
25 2 303.0
24 0 304.8
68 1 314.3
67 1 320.9
38 1 336.2
