1 0 4.0
2 0 9.8
3 0 17.3
4 0 24.7
5 0 31.8
6 0 38.5
7 0 44.3
8 0 50.0
9 0 56.6
10 0 61.3
11 0 66.8
13 0 72.9
12 0 82.0
36 0 98.8
35 0 104.8
34 0 111.1
18 0 119.6
17 0 126.4
15 0 132.4
16 0 138.7
14 0 148.1
19 0 163.3
20 0 169.2
21 0 176.3
24 0 182.4
23 0 188.0
22 0 193.7
25 0 203.9
26 0 210.4
27 0 217.0
46 0 223.2
47 0 229.5
48 0 234.7
60 0 241.0
58 0 247.1
57 0 252.8
56 0 257.9
55 0 264.7
75 0 275.0
73 0 281.4
72 0 287.7
76 0 293.1
77 0 299.1
54 0 305.9
52 0 313.2
53 0 320.2
51 0 328.8
50 0 334.8
