1 0 5.1
22 1 6.5
53 2 8.8
2 0 10.8
23 1 12.4
52 2 17.7
24 1 18.1
3 0 18.4
21 1 24.8
4 0 25.6
54 2 27.9
20 1 31.9
5 0 32.6
77 2 37.4
19 1 38.5
6 0 39.5
18 1 44.9
7 0 45.3
76 2 46.9
8 0 51.1
17 1 52.1
72 2 54.6
9 0 57.4
15 1 58.5
10 0 62.4
73 2 63.7
11 0 67.8
75 2 73.2
13 0 76.4
16 1 77.2
56 2 82.1
12 0 85.1
14 1 86.2
55 2 91.9
34 1 101.3
36 0 102.1
57 2 103.2
35 0 108.3
58 2 111.6
30 1 112.2
34 0 114.5
29 1 118.2
60 2 120.6
43 0 128.4
32 1 129.9
45 2 134.8
40 0 139.2
30 2 143.4
39 0 144.7
31 2 151.8
74 0 160.3
42 1 160.4
33 2 161.4
73 0 165.1
41 1 166.8
34 2 170.5
71 0 174.5
70 0 180.5
18 2 180.9
69 0 186.5
17 2 190.3
15 2 199.2
38 1 203.0
37 1 209.1
44 2 228.3
9 1 233.8
10 1 239.4
11 1 245.5
71 2 253.3
70 2 262.1
69 2 270.9
28 0 272.9
68 1 278.0
27 0 278.4
2 2 280.3
67 1 284.2
44 0 291.8
43 1 303.0
68 2 305.6
26 0 311.4
67 2 314.5
25 0 317.8
63 1 321.2
24 0 324.5
66 2 325.9
39 2 334.6
46 0 340.1
51 1 340.7
47 0 346.7
50 1 347.5
43 2 347.7
48 0 351.8
49 1 353.9
50 0 360.4
47 1 361.4
51 0 366.3
46 1 368.3
52 0 371.2
27 1 374.5
62 2 379.9
28 1 381.3
61 2 388.8
26 1 393.2
61 0 398.5
25 1 399.9
62 0 404.7
51 2 416.2
50 2 427.6
49 2 435.2
71 1 438.1
48 2 443.0
70 1 444.4
69 1 450.8
47 2 451.4
2 1 457.6
46 2 460.2
27 2 469.0
62 1 477.5
28 2 478.1
61 1 483.9
38 0 485.7
