1 0 4.5
22 1 5.8
2 0 10.2
23 1 11.8
24 1 17.4
3 0 17.8
21 1 24.1
4 0 25.0
20 1 31.3
5 0 32.0
19 1 37.9
6 0 38.9
18 1 44.3
7 0 44.8
8 0 50.5
17 1 51.4
9 0 56.8
15 1 57.8
10 0 61.8
11 0 67.2
12 0 77.1
14 1 77.6
13 0 85.5
16 1 87.0
34 1 101.9
36 0 102.7
35 0 108.8
42 1 108.9
34 0 114.9
41 1 115.3
33 0 121.7
66 1 125.2
31 0 128.5
65 1 131.6
64 1 137.8
45 0 139.8
68 1 144.6
44 0 145.3
67 1 150.6
63 1 160.6
75 0 164.8
62 1 167.0
73 0 171.2
61 1 173.1
74 0 176.1
72 0 187.2
71 0 193.7
70 0 199.6
32 1 204.7
69 0 205.5
