1 0 6.5
22 1 8.8
2 0 12.3
53 2 12.5
23 1 14.8
3 0 19.7
24 1 20.5
52 2 21.4
4 0 27.5
25 1 27.9
54 2 31.7
5 0 34.0
26 1 34.6
6 0 40.9
77 2 41.3
27 1 41.5
7 0 46.9
28 1 48.2
76 2 50.9
8 0 52.5
29 1 54.3
72 2 58.6
9 0 58.8
30 1 61.1
10 0 63.6
31 1 67.0
73 2 68.0
11 0 69.6
32 1 74.0
12 0 75.5
71 2 80.1
33 1 83.4
13 0 84.4
70 2 88.7
34 1 90.2
69 2 97.3
35 1 97.5
36 0 101.2
36 1 103.9
2 2 106.7
35 0 108.0
8 1 111.6
34 0 113.5
1 2 116.4
3 2 128.7
39 1 137.4
4 2 138.5
46 0 140.1
38 1 143.0
47 0 146.4
5 2 148.2
37 1 149.2
48 0 151.4
49 0 157.2
6 2 157.7
50 0 162.9
7 2 166.4
51 0 169.2
17 1 172.5
52 0 174.2
8 2 175.2
15 1 179.0
53 0 180.7
14 1 185.5
16 1 194.8
19 2 196.6
60 0 199.9
20 2 205.4
58 0 206.0
57 0 212.1
21 2 215.3
56 0 217.3
66 1 219.8
24 2 223.9
65 1 226.1
72 0 229.6
64 1 232.6
55 0 253.0
43 1 253.5
68 2 265.9
59 0 266.5
45 0 273.9
67 2 274.5
44 0 280.2
63 2 287.2
74 1 293.6
62 2 295.9
73 1 298.9
61 2 304.5
75 1 306.1
63 0 316.8
74 2 318.0
45 1 320.4
62 0 321.6
44 1 327.4
61 0 327.7
