1 0 4.1
22 1 5.1
53 2 7.4
2 0 9.9
23 1 11.2
52 2 16.4
24 1 16.7
69 0 17.1
70 0 23.0
25 1 23.7
51 2 24.7
71 0 29.1
26 1 30.5
50 2 33.5
72 0 35.2
27 1 37.4
73 0 41.7
49 2 42.2
46 1 44.2
76 0 49.8
47 1 50.6
48 2 50.7
77 0 56.2
60 2 62.9
54 0 63.0
44 1 69.4
52 0 70.2
45 2 73.8
53 0 77.2
29 1 78.0
30 1 84.2
28 2 85.3
51 0 85.9
31 1 90.2
50 0 92.0
27 2 93.5
33 1 97.6
49 0 97.8
48 0 103.6
34 1 104.1
18 1 112.0
47 0 114.8
17 1 118.8
46 0 121.4
75 2 122.8
15 1 125.4
27 0 127.3
73 2 131.7
14 1 131.8
74 2 139.9
16 1 141.1
63 2 147.5
64 2 156.7
9 0 162.0
19 1 162.1
68 2 165.0
10 0 166.9
20 1 167.4
11 0 172.4
67 2 173.9
12 0 178.5
42 1 185.6
13 0 187.0
