1 0 4.0
2 0 9.7
69 0 17.0
70 0 22.9
71 0 28.9
72 0 35.1
73 0 41.7
76 0 49.6
77 0 56.1
54 0 63.0
52 0 70.1
53 0 77.3
51 0 86.0
50 0 91.9
49 0 97.9
48 0 103.4
47 0 108.1
46 0 114.9
27 0 120.8
26 0 127.3
25 0 134.0
24 0 140.3
23 0 145.3
22 0 151.1
21 0 161.4
20 0 168.2
19 0 174.5
18 0 180.6
17 0 187.0
15 0 193.3
16 0 199.5
14 0 208.9
34 0 226.2
42 0 233.2
41 0 239.4
43 0 247.0
40 0 256.8
39 0 262.3
38 0 266.5
37 0 272.5
66 0 283.0
65 0 289.1
64 0 294.9
68 0 300.4
67 0 306.5
63 0 317.0
62 0 323.2
61 0 329.0
74 0 339.8
75 0 347.3
56 0 353.5
55 0 360.5
57 0 369.7
58 0 375.0
60 0 381.1
59 0 396.0
45 0 403.1
44 0 409.3
29 0 417.4
28 0 423.4
30 0 435.9
31 0 441.8
32 0 448.1
33 0 458.5
35 0 468.2
36 0 474.3
8 0 482.0
9 0 487.9
10 0 493.0
11 0 498.6
13 0 504.4
