1 0 4.1
22 1 5.2
2 0 9.8
23 1 11.2
24 1 16.7
3 0 17.4
21 1 23.5
4 0 24.7
20 1 30.7
5 0 31.8
19 1 37.2
6 0 38.4
18 1 43.7
7 0 44.4
8 0 50.1
17 1 50.8
9 0 56.5
15 1 57.3
10 0 61.4
11 0 66.7
16 1 80.8
13 0 84.8
14 1 89.6
36 0 101.8
34 1 104.6
35 0 108.0
34 0 114.1
30 1 115.6
29 1 121.7
43 0 128.1
28 1 128.1
27 1 134.0
40 0 138.0
46 1 140.8
39 0 143.4
47 1 147.2
48 1 152.9
60 1 160.1
33 0 160.2
58 1 166.3
31 0 166.8
57 1 172.6
45 0 178.0
56 1 178.2
59 0 185.4
55 1 185.4
58 0 190.9
75 0 201.7
73 0 208.0
26 1 208.2
74 0 212.9
25 1 215.1
63 0 217.9
72 0 227.3
71 0 233.7
