43 0 4.4
52 1 5.7
1 2 7.8
41 0 11.6
53 1 12.6
2 2 16.5
40 0 16.9
39 0 22.2
54 1 22.5
38 0 26.4
3 2 26.6
77 1 29.6
37 0 32.6
76 1 36.5
4 2 36.5
72 1 41.9
66 0 42.9
5 2 46.2
73 1 48.6
65 0 49.1
74 1 54.6
64 0 54.6
6 2 55.6
63 1 59.9
68 0 62.8
7 2 64.3
67 0 69.1
62 1 76.9
13 2 77.7
63 0 80.6
61 1 83.0
11 2 86.6
57 0 95.8
58 0 101.0
36 2 102.0
60 0 107.1
3 1 107.9
35 2 110.8
48 0 113.3
4 1 115.4
47 0 119.1
34 2 119.9
5 1 122.4
46 0 125.4
33 2 129.3
6 1 129.7
27 0 131.3
7 1 135.8
31 2 139.0
8 1 142.0
30 2 146.7
45 2 155.1
