48 0 4.3
11 1 5.9
37 3 5.9
64 2 8.3
47 0 8.9
12 1 12.0
38 3 13.1
46 0 15.4
68 2 16.9
39 3 18.4
10 1 20.2
27 0 21.4
67 2 25.2
40 3 25.4
9 1 25.9
28 0 27.4
41 3 31.2
8 1 32.3
29 0 32.8
30 0 38.0
65 2 38.1
43 3 39.7
36 1 40.1
31 0 44.0
35 1 46.6
66 2 46.6
32 0 50.3
34 1 53.1
39 2 55.7
42 1 60.5
33 0 64.4
42 3 67.6
41 1 68.6
34 0 70.8
63 2 75.4
39 1 76.1
34 3 76.2
38 1 81.9
74 2 83.8
37 1 88.0
73 2 91.3
19 0 93.5
66 1 98.0
20 0 99.6
13 3 100.1
75 2 100.6
65 1 104.5
21 0 106.6
56 2 109.8
64 1 110.9
24 0 112.7
68 1 117.8
25 0 119.8
55 2 119.9
67 1 123.9
26 0 126.1
57 2 131.7
32 3 134.8
62 1 135.6
58 2 139.8
61 1 141.9
60 0 143.6
45 3 150.6
