1 0 4.2
22 1 5.5
53 2 7.3
2 0 10.0
23 1 11.7
52 2 16.3
24 1 17.2
3 0 17.6
25 1 24.0
4 0 24.9
54 2 26.4
26 1 30.7
5 0 32.0
77 2 36.1
27 1 37.7
6 0 38.7
28 1 44.0
7 0 44.7
76 2 45.7
8 0 50.3
29 1 50.3
72 2 53.1
9 0 56.7
30 1 57.1
10 0 61.6
73 2 62.4
31 1 62.8
11 0 67.1
32 1 69.7
12 0 73.1
71 2 74.1
33 1 79.4
13 0 82.0
70 2 82.9
34 1 86.1
69 2 91.7
2 2 101.0
45 1 106.0
36 0 107.4
1 2 110.9
44 1 112.1
35 0 113.4
34 0 119.6
59 1 121.3
3 2 123.0
58 1 127.1
4 2 132.8
56 1 135.3
55 1 142.3
5 2 142.5
18 0 145.3
19 0 151.1
6 2 151.9
60 1 154.8
20 0 157.3
7 2 160.7
48 1 161.4
21 0 164.4
47 1 167.7
8 2 169.4
24 0 170.3
46 1 174.3
33 2 187.1
17 0 189.7
15 0 196.0
31 2 197.0
15 1 208.9
14 1 215.3
42 2 218.2
38 0 221.9
41 2 226.3
37 0 227.9
41 1 236.2
66 0 238.3
40 1 241.2
65 0 244.3
39 1 246.9
64 0 249.9
63 0 255.8
43 1 257.2
62 0 261.9
61 0 267.6
75 2 267.9
