1 0 5.5
22 1 6.5
53 2 8.8
2 0 11.3
23 1 12.5
52 2 17.8
24 1 18.0
3 0 18.8
21 1 25.0
4 0 26.1
54 2 27.9
20 1 31.8
5 0 33.3
77 2 37.6
19 1 38.6
6 0 40.0
18 1 45.0
7 0 45.8
76 2 46.9
8 0 51.6
17 1 52.0
72 2 54.6
9 0 58.0
15 1 58.4
10 0 62.9
73 2 63.7
11 0 68.3
75 2 73.2
13 0 78.0
16 1 79.0
56 2 82.1
14 1 88.0
55 2 91.9
36 0 95.1
35 0 101.2
34 1 102.9
57 2 103.3
34 0 107.5
58 2 111.6
30 1 113.9
33 0 114.2
29 1 119.9
60 2 120.7
31 0 120.8
28 1 128.6
48 2 129.8
45 0 132.2
27 1 134.4
47 2 137.3
32 1 148.1
71 0 159.8
70 0 165.9
38 2 167.4
9 1 170.0
69 0 171.8
10 1 175.5
37 2 176.0
11 1 181.6
74 0 195.4
63 0 200.2
25 1 215.4
