34 0 4.1
24 1 5.5
1 2 8.0
18 0 11.5
21 1 11.9
2 2 16.6
17 0 18.4
20 1 19.1
15 0 24.6
19 1 25.7
69 2 26.5
14 0 30.4
18 1 32.1
70 2 35.2
17 1 39.1
71 2 43.9
34 1 49.3
72 2 53.1
36 1 58.2
73 2 62.4
9 0 64.7
8 1 65.9
10 0 69.6
63 2 71.7
9 1 72.5
11 0 75.2
10 1 78.0
62 2 80.5
12 0 81.4
11 1 83.9
61 2 89.1
13 1 90.8
7 0 96.4
6 0 102.5
64 2 102.6
5 0 109.1
68 2 110.9
42 1 112.6
4 0 116.1
41 1 118.7
67 2 119.7
3 0 123.5
43 1 126.3
2 0 130.7
40 1 136.1
39 1 141.9
55 2 155.9
33 1 156.5
31 1 163.2
53 0 163.5
57 2 167.1
30 1 169.9
51 0 171.9
58 2 175.5
29 1 175.8
50 0 178.1
28 1 182.3
49 0 184.0
60 2 184.6
27 1 188.2
48 0 189.6
48 2 193.7
26 0 205.5
25 0 212.1
