1 0 4.1
22 1 5.5
53 2 7.5
2 0 9.8
23 1 11.4
52 2 16.5
24 1 17.1
3 0 17.5
21 1 23.9
4 0 24.7
54 2 26.7
20 1 30.9
5 0 31.8
77 2 36.3
19 1 37.5
6 0 38.6
18 1 44.0
7 0 44.4
76 2 45.6
8 0 50.1
17 1 51.1
72 2 53.3
15 1 57.4
9 0 59.9
73 2 62.5
10 0 64.7
11 0 70.1
34 1 70.1
71 2 74.4
12 0 76.2
35 1 77.1
70 2 83.0
36 1 83.5
13 0 84.7
8 1 91.1
69 2 91.7
2 2 101.3
42 1 105.9
1 2 110.9
41 1 112.2
40 1 118.3
66 0 120.9
3 2 123.2
39 1 124.0
65 0 127.1
38 1 129.8
64 0 132.8
4 2 133.0
37 1 135.9
63 0 140.1
5 2 142.7
62 0 145.9
61 0 151.6
6 2 152.1
30 1 159.9
7 2 161.0
29 1 165.8
75 0 166.6
8 2 169.6
28 1 172.5
56 0 173.0
27 1 178.2
60 0 183.3
33 2 187.3
48 0 189.4
59 1 191.7
49 0 195.2
31 2 196.9
58 1 197.5
50 0 201.3
56 1 205.4
51 0 207.7
55 1 212.6
52 0 212.6
46 2 213.8
47 2 222.8
46 0 233.4
32 1 235.9
27 0 239.2
74 2 245.4
63 2 253.0
14 1 257.7
68 2 263.7
16 1 267.2
67 2 272.6
43 1 289.7
45 2 313.5
44 2 322.7
17 0 328.0
15 0 334.5
26 2 340.0
25 2 349.2
