1 0 4.5
22 1 5.3
53 2 7.8
2 0 10.2
23 1 11.5
52 2 16.8
24 1 17.0
69 0 17.4
70 0 23.2
21 1 24.4
50 2 27.1
71 0 29.3
20 1 31.5
72 0 35.6
49 2 35.9
19 1 38.0
73 0 42.4
48 2 44.4
18 1 44.4
75 0 48.8
17 1 51.8
60 2 53.7
56 0 55.2
15 1 58.2
58 2 62.5
16 1 64.9
55 0 67.6
14 1 73.7
47 2 75.6
46 2 84.5
76 0 85.6
34 1 89.0
77 0 92.1
27 2 93.1
33 1 95.4
54 0 98.8
31 1 102.1
26 2 102.7
52 0 106.2
25 2 111.9
24 2 121.2
12 1 131.3
3 0 138.8
35 2 144.9
4 0 146.2
5 0 153.2
36 2 155.8
6 0 160.0
37 1 165.0
7 0 165.9
9 2 166.6
8 0 171.5
10 2 174.5
38 1 182.7
11 2 183.0
36 0 183.0
35 0 189.0
66 1 190.1
12 2 192.3
34 0 195.3
65 1 196.2
64 1 202.5
13 2 203.5
30 0 207.9
68 1 209.0
29 0 213.4
67 1 215.3
7 2 219.6
45 0 219.8
63 1 225.2
44 0 225.5
6 2 228.3
62 1 231.8
28 0 236.4
5 2 237.7
61 1 237.8
27 0 242.1
4 2 247.5
74 1 248.4
73 1 253.7
3 2 257.4
32 0 258.1
58 1 265.6
2 2 267.2
59 1 272.2
45 1 279.2
9 0 284.7
76 2 285.3
10 0 289.7
77 2 294.0
11 0 295.1
54 2 303.6
42 0 319.0
43 1 321.9
41 0 324.9
74 2 327.9
43 0 332.9
63 2 335.5
