1 0 5.3
22 1 6.6
53 2 8.5
2 0 11.0
23 1 12.6
52 2 17.6
24 1 18.2
3 0 18.5
25 1 25.6
4 0 25.8
54 2 27.6
26 1 32.2
5 0 33.0
77 2 37.3
27 1 39.1
6 0 39.8
28 1 45.6
7 0 45.6
76 2 46.7
8 0 51.3
29 1 52.1
72 2 54.4
9 0 57.7
30 1 58.8
10 0 62.6
71 2 64.3
31 1 64.7
11 0 68.0
32 1 71.7
70 2 72.6
12 0 74.1
69 2 81.3
33 1 81.9
13 0 83.2
34 1 88.4
2 2 90.8
42 1 96.4
36 0 100.4
1 2 100.6
41 1 102.9
35 0 106.4
34 0 112.6
3 2 112.8
4 2 122.6
39 1 130.7
5 2 132.3
38 0 137.9
6 2 141.7
37 0 143.7
67 1 147.0
7 2 150.5
68 1 153.9
66 0 153.9
8 2 158.9
65 0 160.0
63 1 161.3
64 0 165.6
74 1 167.4
73 1 172.5
75 0 178.7
19 2 180.7
56 0 184.3
62 1 185.8
20 2 189.5
57 0 190.0
61 1 191.9
58 0 195.1
21 2 199.2
59 0 201.2
24 2 207.9
45 0 208.0
35 1 218.5
60 0 220.8
36 1 224.9
48 0 227.0
8 1 232.6
49 0 234.7
45 2 238.4
50 0 240.6
51 0 247.1
44 2 247.4
52 0 252.1
43 1 253.6
46 2 265.3
42 2 306.6
41 2 315.6
72 0 328.4
17 2 334.3
55 1 339.3
15 2 343.2
