1 0 4.8
22 1 6.2
2 0 10.5
23 1 12.1
69 0 17.7
24 1 17.7
70 0 23.7
21 1 24.6
71 0 29.7
20 1 31.6
72 0 35.9
19 1 38.2
76 0 40.6
18 1 44.6
77 0 47.4
17 1 51.7
54 0 54.4
15 1 58.1
52 0 61.6
14 1 64.7
53 0 68.4
16 1 74.0
51 0 77.0
50 0 83.3
34 1 88.9
49 0 89.2
48 0 94.7
35 1 95.8
60 0 101.2
36 1 102.1
58 0 107.2
8 1 109.9
59 0 112.5
9 1 116.4
45 0 119.9
10 1 122.1
44 0 126.2
11 1 128.2
29 0 134.3
13 1 134.7
28 0 140.3
12 1 143.5
27 0 145.9
26 0 152.6
7 1 156.9
25 0 159.1
6 1 163.2
24 0 165.6
5 1 170.2
23 0 170.2
22 0 176.3
4 1 177.4
3 1 184.7
21 0 186.6
2 1 192.3
20 0 193.5
1 1 199.1
19 0 199.8
18 0 205.7
69 1 208.6
17 0 212.2
70 1 215.0
15 0 218.5
71 1 221.3
16 0 224.8
72 1 228.1
14 0 233.9
76 1 234.0
77 1 240.7
54 1 247.7
34 0 251.6
52 1 255.1
33 0 258.5
53 1 262.7
31 0 265.0
51 1 270.8
32 0 271.7
50 1 277.4
30 0 280.9
49 1 283.7
48 1 289.8
55 1 299.7
56 1 307.5
42 0 312.2
75 1 314.2
41 0 318.1
73 1 320.9
43 0 325.6
74 1 326.5
63 1 332.1
40 0 335.5
64 1 338.8
39 0 340.8
68 1 344.7
66 0 347.3
67 1 351.3
65 0 353.4
64 0 359.0
68 0 365.4
67 0 371.6
62 1 381.3
61 1 387.7
47 0 403.5
38 1 405.3
46 0 409.9
