1 0 5.8
12 3 6.5
22 1 7.0
53 2 9.4
2 0 11.4
23 1 13.0
11 3 13.0
52 2 18.3
24 1 18.5
3 0 19.1
13 3 20.5
21 1 25.4
4 0 26.4
54 2 28.5
10 3 30.2
20 1 32.6
5 0 33.3
9 3 36.3
77 2 38.2
19 1 39.1
6 0 40.0
8 3 43.3
18 1 45.4
7 0 46.1
76 2 47.4
17 1 52.5
72 2 55.2
15 1 58.9
36 3 59.1
35 3 64.5
71 2 64.6
34 3 69.9
70 2 73.4
33 3 76.3
30 1 79.7
69 2 81.1
29 1 85.8
28 3 90.6
73 2 94.9
32 1 96.1
27 3 96.9
51 0 101.8
75 2 103.4
29 3 106.4
50 0 108.3
56 2 112.3
45 3 113.9
49 0 114.4
9 1 117.7
48 0 119.9
57 2 121.2
59 3 122.5
10 1 123.3
47 0 124.8
58 2 129.1
58 3 129.5
11 1 129.5
46 0 131.4
27 0 137.3
7 1 140.9
44 3 142.8
