1 0 7.2
22 1 10.0
53 2 13.6
23 1 16.2
3 0 17.2
4 0 24.5
51 2 24.8
25 1 24.8
26 1 31.4
5 0 31.9
50 2 33.5
27 1 38.4
7 0 40.9
49 2 42.4
46 1 45.9
8 0 46.8
48 2 50.6
47 1 52.3
9 0 53.1
10 0 58.1
11 0 63.6
60 2 65.9
57 1 66.8
12 0 69.8
56 1 72.5
58 2 74.7
13 0 78.6
55 1 79.7
59 2 83.4
45 2 93.0
36 0 95.6
29 1 97.5
35 0 101.8
30 1 103.7
28 2 104.8
31 1 109.8
32 1 116.7
17 0 118.1
15 0 124.4
75 2 130.5
16 0 130.5
44 1 131.7
14 0 139.7
74 2 141.0
49 1 150.6
62 2 151.0
50 1 156.8
61 2 159.6
33 0 160.1
51 1 163.6
68 2 174.8
67 2 183.7
43 0 184.1
20 1 193.8
40 0 193.9
39 0 199.2
19 1 200.3
38 0 203.6
71 2 203.9
37 0 209.8
70 2 212.7
42 1 213.1
41 1 219.5
66 0 220.3
69 2 221.3
65 0 226.3
35 1 231.5
64 0 231.9
3 2 234.2
36 1 237.7
68 0 237.9
67 0 243.9
4 2 244.1
5 2 253.7
17 1 259.0
76 0 263.9
7 2 265.2
15 1 265.5
77 0 270.3
16 1 272.2
8 2 273.9
54 0 277.1
14 1 283.6
52 0 284.3
36 2 284.5
51 0 289.7
35 2 293.3
50 0 295.9
49 0 301.8
43 1 306.3
48 0 307.4
47 0 312.4
40 2 317.4
46 0 318.9
66 1 319.7
39 2 325.4
65 1 326.0
30 0 331.8
64 1 332.2
32 0 340.7
38 1 344.1
76 2 347.5
37 1 350.3
77 2 356.6
44 0 357.8
