1 0 4.8
22 1 5.9
2 0 10.4
23 1 11.9
24 1 17.4
69 0 17.6
70 0 23.7
21 1 24.3
71 0 29.6
20 1 31.4
72 0 35.8
19 1 38.0
76 0 40.5
18 1 44.3
77 0 47.4
17 1 51.4
54 0 54.3
15 1 57.8
52 0 61.5
16 1 64.6
53 0 68.5
14 1 73.7
51 0 77.0
50 0 83.3
34 1 88.6
49 0 89.1
48 0 94.8
33 1 95.3
60 0 101.2
31 1 101.9
58 0 107.2
32 1 108.9
57 0 112.8
56 0 117.9
30 1 118.0
29 1 124.1
55 0 124.8
28 1 130.7
75 0 135.1
27 1 136.6
73 0 141.5
46 1 143.3
47 1 149.7
74 0 152.5
48 1 155.6
63 0 157.3
49 1 161.6
62 0 162.9
50 1 168.0
61 0 168.9
51 1 174.9
64 0 180.3
52 1 180.5
68 0 186.0
53 1 187.3
67 0 192.0
54 1 197.7
65 0 202.7
77 1 204.8
66 0 208.7
76 1 211.6
39 0 214.8
72 1 217.1
38 0 220.2
73 1 223.8
37 0 225.7
74 1 229.8
63 1 235.1
40 0 235.2
41 0 240.3
62 1 241.7
43 0 249.0
75 1 252.9
56 1 259.6
42 0 259.7
57 1 266.0
34 0 266.6
58 1 271.7
59 1 278.3
45 1 285.4
44 1 292.2
26 0 295.6
25 0 302.1
24 0 308.6
35 1 311.1
36 1 317.6
8 1 325.4
7 1 331.8
6 1 338.1
