1 0 4.2
22 1 5.5
2 0 9.9
23 1 11.5
24 1 17.2
3 0 17.5
25 1 24.0
4 0 24.7
26 1 30.9
5 0 31.7
27 1 37.8
6 0 38.6
7 0 44.5
46 1 44.5
8 0 50.2
47 1 51.1
9 0 56.6
48 1 56.7
10 0 61.5
60 1 63.8
11 0 67.0
58 1 70.1
12 0 73.1
59 1 76.6
13 0 81.8
45 1 83.6
44 1 90.4
29 1 98.6
36 0 98.9
28 1 105.0
35 0 105.0
34 0 111.2
30 1 116.4
42 0 118.2
31 1 122.5
41 0 124.1
32 1 129.5
43 0 131.7
33 1 139.3
40 0 141.6
34 1 146.0
39 0 146.9
38 0 153.5
18 1 158.0
37 0 159.7
17 1 164.9
66 0 170.0
15 1 171.4
65 0 176.1
14 1 177.8
64 0 181.6
16 1 187.2
68 0 187.2
67 0 193.3
19 1 200.4
63 0 203.9
20 1 206.9
62 0 209.9
21 1 214.1
61 0 215.8
74 0 226.5
73 0 231.1
75 0 237.6
57 1 239.5
56 0 243.8
56 1 245.4
55 1 252.3
72 0 256.4
76 0 261.8
77 0 268.1
49 1 269.2
54 0 274.8
50 1 275.3
51 1 282.0
52 0 282.0
