1 0 6.8
22 1 9.6
2 0 12.6
53 2 12.9
23 1 15.6
69 0 19.7
24 1 21.0
52 2 21.9
70 0 25.8
25 1 28.1
71 0 31.7
54 2 32.0
26 1 34.9
72 0 38.1
77 2 41.5
27 1 41.8
46 1 48.7
76 2 51.1
47 1 55.1
48 1 60.8
49 1 66.9
3 2 72.2
50 1 73.4
74 0 77.7
51 1 80.1
4 2 81.8
63 0 82.7
52 1 85.8
62 0 88.2
5 2 91.6
61 0 94.2
60 1 99.5
6 2 101.0
64 0 105.5
58 1 105.8
7 2 109.8
65 0 111.5
59 1 112.4
66 0 117.6
8 2 118.4
45 1 119.4
39 0 123.7
29 1 126.2
40 0 129.4
13 2 133.0
30 1 133.0
41 0 134.5
31 1 138.8
43 0 141.5
32 1 145.6
36 2 150.7
35 2 159.5
18 1 161.0
17 0 167.5
34 2 168.5
15 0 173.4
9 1 178.8
16 0 179.6
10 1 184.2
11 1 190.4
12 1 199.2
19 2 206.2
38 0 208.6
37 0 214.5
20 2 215.2
21 2 224.9
28 1 231.5
24 2 233.7
68 0 234.1
67 0 240.1
44 1 245.3
28 2 250.5
56 1 259.2
29 2 259.2
55 1 266.3
44 2 270.8
14 0 280.5
68 1 284.4
