1.28	1.28	0.0	0
1.28	1.28	0.0	0
1.28	1.28	0.0	0
1.28	1.28	0.0	0
1.28	1.28	0.0	0
1.28	1.28	0.0	0
1.28	1.28	0.0	0
1.28	1.28	0.0	0.1
1.28	1.28	0.0951997773815	0.1
1.28	1.28	0.190399554763	0.1
1.28	1.28	0.285599332145	0.1
1.28	1.28	0.380799109526	0.1
1.28	1.28	0.475998886908	0.1
1.28	1.28	0.571198664289	0.1
1.28	1.28	0.666398441671	0.1
1.28	1.28	0.761598219052	0.1
1.28	1.28	0.856797996434	0.1
1.28	1.28	0.951997773815	0.1
1.28	1.28	1.0471975512	0.1
1.28	1.28	1.14239732858	0.1
1.28	1.28	1.23759710596	0.1
1.28	1.28	1.33279688334	0.1
1.28	1.28	1.42799666072	0.1
1.28	1.28	1.5231964381	0.1
1.28	1.28	1.61839621549	0.1
1.28	1.28	1.71359599287	0.1
1.28	1.28	1.80879577025	0.1
1.28	1.28	1.90399554763	0.1
1.28	1.28	1.99919532501	0.1
1.28	1.28	2.09439510239	0.1
1.28	1.28	2.18959487977	0.1
1.28	1.28	2.28479465716	0.1
1.28	1.28	2.37999443454	0.1
1.28	1.28	2.47519421192	0.1
1.28	1.28	2.5703939893	0.1
1.28	1.28	2.66559376668	0.1
1.28	1.28	2.76079354406	0.1
1.28	1.28	2.85599332145	0.1
1.28	1.28	2.95119309883	0.1
1.28	1.28	3.04639287621	0.1
1.28	1.28	-3.14159265359	0.1
1.28	1.28	-3.04639287621	0.1
1.28	1.28	-2.95119309883	0.1
1.28	1.28	-2.85599332145	0.1
1.28	1.28	-2.76079354406	0.1
1.28	1.28	-2.66559376668	0.1
1.28	1.28	-2.5703939893	0.1
1.28	1.28	-2.47519421192	0.1
1.28	1.28	-2.37999443454	0.1
1.28	1.28	-2.28479465716	0.1
1.28	1.28	-2.18959487977	0.1
1.28	1.28	-2.09439510239	0.1
1.28	1.28	-1.99919532501	0.1
1.28	1.28	-1.90399554763	0.1
1.28	1.28	-1.80879577025	0.1
1.28	1.28	-1.71359599287	0.1
1.28	1.28	-1.61839621549	0.1
1.28	1.28	-1.5231964381	0.1
1.28	1.28	-1.42799666072	0.1
1.28	1.28	-1.33279688334	0.1
1.28	1.28	-1.23759710596	0.1
1.28	1.28	-1.14239732858	0.1
1.28	1.28	-1.0471975512	0.1
1.28	1.28	-0.951997773815	0.1
1.28	1.28	-0.856797996434	0.1
1.28	1.28	-0.761598219052	0.1
1.28	1.28	-0.666398441671	0.1
1.28	1.28	-0.571198664289	0.1
1.28	1.28	-0.475998886908	0.1
1.28	1.28	-0.380799109526	0.1
1.28	1.28	-0.285599332145	0.1
1.28	1.28	-0.190399554763	0.1
1.28	1.28	-0.0951997773815	0.1
1.28	1.28	3.66373598126e-15	0.1
1.25323618619	1.28	-0.157079632679	0.1
1.23068270148	1.28357212105	-0.314159265359	0.2
1.21423770234	1.28891542518	-0.471238898038	0.3
1.20494685327	1.29364934923	-0.628318530718	0.4
1.20291680833	1.29512426321	-0.785398163397	0.5
1.207290919	1.29075015254	-0.942477796077	0.6
1.21631997235	1.27832272674	-1.09955742876	0.7
1.22753444159	1.2563130916	-1.25663706144	0.8
1.23800569581	1.22408588489	-1.41371669412	0.9
1.24466873761	1.1820170946	-1.57079632679	1.0
1.24466873761	1.13149462982	-1.72787595947	1.1
1.23568918709	1.07479997909	-1.88495559215	1.2
1.21622170727	1.01488523694	-2.04203522483	1.3
1.18574604158	0.9550733753	-2.19911485751	1.4
1.14480169577	0.898718317974	-2.35619449019	1.5
1.09494723796	0.84886386017	-2.51327412287	1.6
1.03861647304	0.807937163818	-2.53771063233	1.7
0.982905821772	0.769505116014	-2.53184538461	1.8
0.928900679553	0.731780215901	-2.52398015103	1.9
0.876542610779	0.694589713717	-2.51619944596	2.0
0.825710801491	0.657884953861	-2.50831197144	2.1
0.776306705758	0.62161486212	-2.49975471219	2.2
0.728265842913	0.585708903312	-2.48977208063	2.3
0.68277291665	0.550994111767	-2.50521559568	2.4
0.640456857874	0.519725606186	-2.5617524023	2.5
0.596441531009	0.490898201297	-2.61828920893	2.6
0.596441531009	0.490898201297	-2.52308943155	2.6
0.596441531009	0.490898201297	-2.42788965416	2.6
0.596441531009	0.490898201297	-2.33268987678	2.6
0.596441531009	0.490898201297	-2.2374900994	2.6
0.596441531009	0.490898201297	-2.14229032202	2.6
0.596441531009	0.490898201297	-2.04709054464	2.6
0.596441531009	0.490898201297	-1.95189076726	2.6
0.596441531009	0.490898201297	-1.85669098987	2.6
0.596441531009	0.490898201297	-1.76149121249	2.6
0.596441531009	0.490898201297	-1.66629143511	2.6
0.596441531009	0.490898201297	-1.57109165773	2.6
0.596441531009	0.490898201297	-1.47589188035	2.6
0.596441531009	0.490898201297	-1.38069210297	2.6
0.596441531009	0.490898201297	-1.28549232559	2.6
0.596441531009	0.490898201297	-1.1902925482	2.6
0.596441531009	0.490898201297	-1.09509277082	2.6
0.596441531009	0.490898201297	-0.999892993441	2.6
0.596441531009	0.490898201297	-0.90469321606	2.6
0.596441531009	0.490898201297	-0.809493438678	2.6
0.596441531009	0.490898201297	-0.714293661297	2.6
0.596441531009	0.490898201297	-0.619093883915	2.6
0.596441531009	0.490898201297	-0.523894106534	2.6
0.596441531009	0.490898201297	-0.428694329152	2.6
0.596441531009	0.490898201297	-0.333494551771	2.6
0.596441531009	0.490898201297	-0.238294774389	2.6
0.596441531009	0.490898201297	-0.143094997008	2.6
0.596441531009	0.490898201297	-0.0478952196263	2.6
0.596441531009	0.490898201297	0.0473045577552	2.6
0.596441531009	0.490898201297	0.142504335137	2.6
0.596441531009	0.490898201297	0.237704112518	2.6
0.596441531009	0.490898201297	0.3329038899	2.6
0.596441531009	0.490898201297	0.428103667281	2.6
0.596441531009	0.490898201297	0.523303444663	2.6
0.596441531009	0.490898201297	0.618503222044	2.6
0.596441531009	0.490898201297	0.713702999426	2.6
0.596441531009	0.490898201297	0.808902776807	2.6
0.596441531009	0.490898201297	0.904102554189	2.6
0.596441531009	0.490898201297	0.99930233157	2.6
0.596441531009	0.490898201297	1.09450210895	2.6
0.596441531009	0.490898201297	1.18970188633	2.6
0.596441531009	0.490898201297	1.28490166371	2.6
0.596441531009	0.490898201297	1.3801014411	2.6
0.596441531009	0.490898201297	1.47530121848	2.6
0.596441531009	0.490898201297	1.57050099586	2.6
0.596441531009	0.490898201297	1.66570077324	2.6
0.596441531009	0.490898201297	1.76090055062	2.6
0.596441531009	0.490898201297	1.856100328	2.6
0.596441531009	0.490898201297	1.95130010539	2.6
0.596441531009	0.490898201297	2.04649988277	2.6
0.596441531009	0.490898201297	2.14169966015	2.6
0.596441531009	0.490898201297	2.23689943753	2.6
0.596441531009	0.490898201297	2.33209921491	2.6
0.596441531009	0.490898201297	2.42729899229	2.6
0.596441531009	0.490898201297	2.52249876967	2.6
0.596441531009	0.490898201297	2.61769854706	2.6
0.596441531009	0.490898201297	2.71289832444	2.6
0.596441531009	0.490898201297	2.80809810182	2.6
0.596441531009	0.490898201297	2.9032978792	2.6
0.596441531009	0.490898201297	2.99849765658	2.6
0.596441531009	0.490898201297	3.09369743396	2.6
0.596441531009	0.490898201297	-3.09428809583	2.6
0.596441531009	0.490898201297	-2.99908831845	2.6
0.596441531009	0.490898201297	-2.90388854107	2.6
0.596441531009	0.490898201297	-2.80868876369	2.6
0.596441531009	0.490898201297	-2.71348898631	2.6
0.596441531009	0.490898201297	-2.61828920893	2.6
0.55981974748	0.469769022988	-2.77536884161	2.6
0.533223914546	0.459568850177	-2.93244847429	2.7
0.57551701874	0.468545473021	-3.08952810697	2.8
0.604653394506	0.470063817398	3.03657756753	2.9
0.622967062686	0.468133504798	2.87949793486	3.0
0.63273285573	0.465513676981	2.72241830218	3.1
0.632761212508	0.465501041694	2.5653386695	3.2
0.624021384002	0.47118042308	2.40825903682	3.3
0.613113210585	0.481008021389	2.25117940414	3.4
0.598664493823	0.498861479003	2.09409977146	3.5
0.588289976301	0.516842932392	1.93702013878	3.6
0.577584065197	0.54475742251	1.7799405061	3.7
0.569568435206	0.582522836105	1.62286087342	3.8
0.56714250095	0.62907547145	1.46578124074	3.9
0.572769427066	0.682460429815	1.30870160806	4.0
0.588210026147	0.740017531132	1.15162197538	4.1
0.614330756098	0.798639051831	0.994542342701	4.2
0.651001479387	0.855070520497	0.837462710022	4.3
0.697088557973	0.906225017221	0.680383077342	4.4
0.750540537716	0.949483445497	0.594234771123	4.5
0.806178088546	0.987078092529	0.594014258388	4.6
0.860346305895	1.02366250565	0.602638773672	4.7
0.912834329954	1.05977519299	0.613503425113	4.8
0.96366356639	1.09556642136	0.626623535633	4.9
1.01283974653	1.13116781147	0.643028905479	5.0
1.06031528224	1.16673944736	0.664279992267	5.1
1.10596610789	1.20248339602	0.692661076186	5.2
1.1495552399	1.23865451692	0.731689793406	5.3
1.19066452849	1.2755692296	0.787128681641	5.4
1.20441047522	1.28936283408	0.630049048962	5.5
1.22768106928	1.3063315152	0.472969416282	5.6
1.26106086885	1.32341219778	0.315889783603	5.7
1.30397299293	1.33743733844	0.158810150923	5.8
1.35471057872	1.34556341223	0.00173051824359	5.9
1.41062524752	1.34566017368	-0.155349114436	6.0
1.46844452823	1.33660503859	-0.312428747115	6.1
1.52467184446	1.31844319061	-0.384613910779	6.2
1.578309711	1.29673205152	-0.370130986654	6.3
1.63099803344	1.27628825209	-0.336929387858	6.4
1.68433596028	1.25760473485	-0.303727789061	6.5
1.68433596028	1.25760473485	-0.208528011679	6.5
1.68433596028	1.25760473485	-0.113328234298	6.5
1.68433596028	1.25760473485	-0.0181284569164	6.5
1.68433596028	1.25760473485	0.0770713204651	6.5
1.68433596028	1.25760473485	0.172271097847	6.5
1.68433596028	1.25760473485	0.267470875228	6.5
1.68433596028	1.25760473485	0.36267065261	6.5
1.68433596028	1.25760473485	0.457870429991	6.5
1.68433596028	1.25760473485	0.553070207373	6.5
1.68433596028	1.25760473485	0.648269984754	6.5
1.68433596028	1.25760473485	0.743469762136	6.5
1.68433596028	1.25760473485	0.838669539517	6.5
1.68433596028	1.25760473485	0.933869316899	6.5
1.68433596028	1.25760473485	1.02906909428	6.5
1.68433596028	1.25760473485	1.12426887166	6.5
1.68433596028	1.25760473485	1.21946864904	6.5
1.68433596028	1.25760473485	1.31466842642	6.5
1.68433596028	1.25760473485	1.40986820381	6.5
1.68433596028	1.25760473485	1.50506798119	6.5
1.68433596028	1.25760473485	1.60026775857	6.5
1.68433596028	1.25760473485	1.69546753595	6.5
1.68433596028	1.25760473485	1.79066731333	6.5
1.68433596028	1.25760473485	1.88586709071	6.5
1.68433596028	1.25760473485	1.9810668681	6.5
1.68433596028	1.25760473485	2.07626664548	6.5
1.68433596028	1.25760473485	2.17146642286	6.5
1.68433596028	1.25760473485	2.26666620024	6.5
1.68433596028	1.25760473485	2.36186597762	6.5
1.68433596028	1.25760473485	2.457065755	6.5
1.68433596028	1.25760473485	2.55226553238	6.5
1.68433596028	1.25760473485	2.64746530977	6.5
1.68433596028	1.25760473485	2.74266508715	6.5
1.68433596028	1.25760473485	2.83786486453	6.5
1.68433596028	1.25760473485	2.93306464191	6.5
1.68433596028	1.25760473485	3.02826441929	6.5
1.68433596028	1.25760473485	3.12346419667	6.5
1.68433596028	1.25760473485	-3.06452133312	6.5
1.68433596028	1.25760473485	-2.96932155574	6.5
1.68433596028	1.25760473485	-2.87412177836	6.5
1.68433596028	1.25760473485	-2.77892200098	6.5
1.68433596028	1.25760473485	-2.6837222236	6.5
1.68433596028	1.25760473485	-2.58852244622	6.5
1.68433596028	1.25760473485	-2.49332266884	6.5
1.68433596028	1.25760473485	-2.39812289145	6.5
1.68433596028	1.25760473485	-2.30292311407	6.5
1.68433596028	1.25760473485	-2.20772333669	6.5
1.68433596028	1.25760473485	-2.11252355931	6.5
1.68433596028	1.25760473485	-2.01732378193	6.5
1.68433596028	1.25760473485	-1.92212400455	6.5
1.68433596028	1.25760473485	-1.82692422717	6.5
1.68433596028	1.25760473485	-1.73172444978	6.5
1.68433596028	1.25760473485	-1.6365246724	6.5
1.68433596028	1.25760473485	-1.54132489502	6.5
1.68433596028	1.25760473485	-1.44612511764	6.5
1.68433596028	1.25760473485	-1.35092534026	6.5
1.68433596028	1.25760473485	-1.25572556288	6.5
1.68433596028	1.25760473485	-1.16052578549	6.5
1.68433596028	1.25760473485	-1.06532600811	6.5
1.68433596028	1.25760473485	-0.970126230732	6.5
1.68433596028	1.25760473485	-0.87492645335	6.5
1.68433596028	1.25760473485	-0.779726675968	6.5
1.68433596028	1.25760473485	-0.684526898587	6.5
1.68433596028	1.25760473485	-0.589327121205	6.5
1.68433596028	1.25760473485	-0.494127343824	6.5
1.68433596028	1.25760473485	-0.398927566442	6.5
1.68433596028	1.25760473485	-0.303727789061	6.5
1.73714982524	1.24105152382	-0.267253681244	6.5
1.78524140642	1.22788387091	-0.25485748849	6.6
1.83293683413	1.21545813494	-0.227393107237	6.7
1.88049728743	1.20445287325	-0.196423120251	6.8
1.92799560521	1.19500123718	-0.166169620395	6.9
1.97543730195	1.18704449855	-0.13818632038	7.0
2.02280909185	1.18045637733	-0.113011257814	7.1
2.0700957668	1.17508958383	-0.0907756750815	7.2
2.11728543941	1.17079410438	-0.0714379826063	7.3
2.16437068247	1.16742469586	-0.0548783059547	7.4
2.21134825581	1.16484405505	-0.0409392965549	7.5
2.25821838586	1.16292415218	-0.0294452803127	7.6
2.30498395378	1.16154672881	-0.02021210793	7.7
2.35164972758	1.16060338669	-0.0130526542173	7.8
2.39822168918	1.15999546445	-0.00778005951268	7.9
2.44470647263	1.15963380277	-0.00420967678093	8.0
2.49111091413	1.15943845392	-0.00216022101164	8.1
2.53744170733	1.15933836901	-0.00145440972538	8.2
2.58370515386	1.15927108296	-0.00191927971915	8.3
2.68370496968	1.1590791551	-0.109508527235	8.4
2.78310596277	1.14815017658	0.0475711054449	8.5
2.88299283361	1.15290549309	0.204650738124	8.6
2.88299283361	1.15290549309	0.299850515506	8.6
2.88299283361	1.15290549309	0.395050292887	8.6
2.88299283361	1.15290549309	0.490250070269	8.6
2.88299283361	1.15290549309	0.58544984765	8.6
2.88299283361	1.15290549309	0.680649625032	8.6
2.88299283361	1.15290549309	0.775849402413	8.6
2.88299283361	1.15290549309	0.871049179795	8.6
2.88299283361	1.15290549309	0.966248957176	8.6
2.88299283361	1.15290549309	1.06144873456	8.6
2.88299283361	1.15290549309	1.15664851194	8.6
2.88299283361	1.15290549309	1.25184828932	8.6
2.88299283361	1.15290549309	1.3470480667	8.6
2.88299283361	1.15290549309	1.44224784408	8.6
2.88299283361	1.15290549309	1.53744762147	8.6
2.88299283361	1.15290549309	1.63264739885	8.6
2.88299283361	1.15290549309	1.72784717623	8.6
2.88299283361	1.15290549309	1.82304695361	8.6
2.88299283361	1.15290549309	1.91824673099	8.6
2.88299283361	1.15290549309	2.01344650837	8.6
2.88299283361	1.15290549309	2.10864628575	8.6
2.88299283361	1.15290549309	2.20384606314	8.6
2.88299283361	1.15290549309	2.29904584052	8.6
2.88299283361	1.15290549309	2.3942456179	8.6
2.88299283361	1.15290549309	2.48944539528	8.6
2.88299283361	1.15290549309	2.58464517266	8.6
2.88299283361	1.15290549309	2.67984495004	8.6
2.88299283361	1.15290549309	2.77504472743	8.6
2.88299283361	1.15290549309	2.87024450481	8.6
2.88299283361	1.15290549309	2.96544428219	8.6
2.88299283361	1.15290549309	3.06064405957	8.6
2.88299283361	1.15290549309	-3.12734147023	8.6
2.88299283361	1.15290549309	-3.03214169285	8.6
2.88299283361	1.15290549309	-2.93694191547	8.6
2.88299283361	1.15290549309	-2.84174213808	8.6
2.88299283361	1.15290549309	-2.7465423607	8.6
2.88299283361	1.15290549309	-2.65134258332	8.6
2.88299283361	1.15290549309	-2.55614280594	8.6
2.88299283361	1.15290549309	-2.46094302856	8.6
2.88299283361	1.15290549309	-2.36574325118	8.6
2.88299283361	1.15290549309	-2.27054347379	8.6
2.88299283361	1.15290549309	-2.17534369641	8.6
2.88299283361	1.15290549309	-2.08014391903	8.6
2.88299283361	1.15290549309	-1.98494414165	8.6
2.88299283361	1.15290549309	-1.88974436427	8.6
2.88299283361	1.15290549309	-1.79454458689	8.6
2.88299283361	1.15290549309	-1.69934480951	8.6
2.88299283361	1.15290549309	-1.60414503212	8.6
2.88299283361	1.15290549309	-1.50894525474	8.6
2.88299283361	1.15290549309	-1.41374547736	8.6
2.88299283361	1.15290549309	-1.31854569998	8.6
2.88299283361	1.15290549309	-1.2233459226	8.6
2.88299283361	1.15290549309	-1.12814614522	8.6
2.88299283361	1.15290549309	-1.03294636784	8.6
2.88299283361	1.15290549309	-0.937746590454	8.6
2.88299283361	1.15290549309	-0.842546813072	8.6
2.88299283361	1.15290549309	-0.747347035691	8.6
2.88299283361	1.15290549309	-0.652147258309	8.6
2.88299283361	1.15290549309	-0.556947480928	8.6
2.88299283361	1.15290549309	-0.461747703546	8.6
2.88299283361	1.15290549309	-0.366547926165	8.6
2.88299283361	1.15290549309	-0.271348148783	8.6
2.88299283361	1.15290549309	-0.176148371402	8.6
2.88299283361	1.15290549309	-0.0809485940201	8.6
2.88299283361	1.15290549309	0.0142511833614	8.6
2.88299283361	1.15290549309	0.109450960743	8.6
2.88299283361	1.15290549309	0.204650738124	8.6
2.98090603591	1.17322801298	0.0475711054449	8.6
3.08079290674	1.17798332949	-0.109508527235	8.7
3.18019389984	1.16705435097	-0.0911235927017	8.8
3.27977901159	1.15795459722	-0.139078469429	8.9
3.37881342849	1.1440915431	-0.100709123008	9.0
3.47830674058	1.13403764592	-0.168578819728	9.1
3.57688916159	1.11725949741	-0.112240836335	9.2
3.67625992234	1.10605896578	-0.192086856828	9.3
3.7744207199	1.08696818733	-0.271932877322	9.4
3.7744207199	1.08696818733	-0.176733099941	9.4
3.7744207199	1.08696818733	-0.0815333225593	9.4
3.7744207199	1.08696818733	0.0136664548222	9.4
3.7744207199	1.08696818733	0.108866232204	9.4
3.7744207199	1.08696818733	0.204066009585	9.4
3.7744207199	1.08696818733	0.299265786967	9.4
3.7744207199	1.08696818733	0.394465564348	9.4
3.7744207199	1.08696818733	0.48966534173	9.4
3.7744207199	1.08696818733	0.584865119111	9.4
3.7744207199	1.08696818733	0.680064896493	9.4
3.7744207199	1.08696818733	0.775264673874	9.4
3.7744207199	1.08696818733	0.870464451256	9.4
3.7744207199	1.08696818733	0.965664228637	9.4
3.7744207199	1.08696818733	1.06086400602	9.4
3.7744207199	1.08696818733	1.1560637834	9.4
3.7744207199	1.08696818733	1.25126356078	9.4
3.7744207199	1.08696818733	1.34646333816	9.4
3.7744207199	1.08696818733	1.44166311554	9.4
3.7744207199	1.08696818733	1.53686289293	9.4
3.7744207199	1.08696818733	1.63206267031	9.4
3.7744207199	1.08696818733	1.72726244769	9.4
3.7744207199	1.08696818733	1.82246222507	9.4
3.7744207199	1.08696818733	1.91766200245	9.4
3.7744207199	1.08696818733	2.01286177983	9.4
3.7744207199	1.08696818733	2.10806155722	9.4
3.7744207199	1.08696818733	2.2032613346	9.4
3.7744207199	1.08696818733	2.29846111198	9.4
3.7744207199	1.08696818733	2.39366088936	9.4
3.7744207199	1.08696818733	2.48886066674	9.4
3.7744207199	1.08696818733	2.58406044412	9.4
3.7744207199	1.08696818733	2.6792602215	9.4
3.7744207199	1.08696818733	2.77445999889	9.4
3.7744207199	1.08696818733	2.86965977627	9.4
3.7744207199	1.08696818733	2.96485955365	9.4
3.7744207199	1.08696818733	3.06005933103	9.4
3.7744207199	1.08696818733	-3.12792619877	9.4
3.7744207199	1.08696818733	-3.03272642139	9.4
3.7744207199	1.08696818733	-2.937526644	9.4
3.7744207199	1.08696818733	-2.84232686662	9.4
3.7744207199	1.08696818733	-2.74712708924	9.4
3.7744207199	1.08696818733	-2.65192731186	9.4
3.7744207199	1.08696818733	-2.55672753448	9.4
3.7744207199	1.08696818733	-2.4615277571	9.4
3.7744207199	1.08696818733	-2.36632797972	9.4
3.7744207199	1.08696818733	-2.27112820233	9.4
3.7744207199	1.08696818733	-2.17592842495	9.4
3.7744207199	1.08696818733	-2.08072864757	9.4
3.7744207199	1.08696818733	-1.98552887019	9.4
3.7744207199	1.08696818733	-1.89032909281	9.4
3.7744207199	1.08696818733	-1.79512931543	9.4
3.7744207199	1.08696818733	-1.69992953804	9.4
3.7744207199	1.08696818733	-1.60472976066	9.4
3.7744207199	1.08696818733	-1.50952998328	9.4
3.7744207199	1.08696818733	-1.4143302059	9.4
3.7744207199	1.08696818733	-1.31913042852	9.4
3.7744207199	1.08696818733	-1.22393065114	9.4
3.7744207199	1.08696818733	-1.12873087376	9.4
3.7744207199	1.08696818733	-1.03353109637	9.4
3.7744207199	1.08696818733	-0.938331318993	9.4
3.7744207199	1.08696818733	-0.843131541611	9.4
3.7744207199	1.08696818733	-0.74793176423	9.4
3.7744207199	1.08696818733	-0.652731986848	9.4
3.7744207199	1.08696818733	-0.557532209467	9.4
3.7744207199	1.08696818733	-0.462332432085	9.4
3.7744207199	1.08696818733	-0.367132654704	9.4
3.7744207199	1.08696818733	-0.271932877322	9.4
3.87074607362	1.06010880852	-0.21038445319	9.4
3.96854114356	1.03922521936	-0.121540875777	9.5
4.06780344313	1.02710103343	-0.20472339824	9.6
4.16571516854	1.00677139921	-0.161975445162	9.7
4.26440623183	0.99064458843	-0.20150991009	9.8
4.36238278062	0.970629696812	-0.19038908482	9.9
4.46057584849	0.95170560045	-0.204903811884	10.0
4.55848390456	0.931358301957	-0.205524078949	10.1
4.65477891967	0.911283910092	-0.209898268861	10.2
4.7469147535	0.891655651942	-0.210742627363	10.3
4.83531488186	0.872745190884	-0.210149127399	10.4
4.92032584661	0.854612492237	-0.207179319135	10.5
5.00227738009	0.837386658122	-0.201702514089	10.6
5.08146761308	0.82119359206	-0.193410666172	10.7
5.15816666498	0.806171393303	-0.18203852813	10.8
5.23261589131	0.792467051964	-0.167340571981	10.9
5.30502739327	0.780235281207	-0.149111651054	11.0
5.37558321613	0.769635912821	-0.127206047703	11.1
5.4444345623	0.760830056915	-0.101559585396	11.2
5.51170134772	0.753974884975	-0.072212432419	11.3
5.57747251184	0.749217116346	-0.0393294532683	11.4
5.64180749923	0.746685551051	-0.00321388422465	11.5
5.74180698278	0.746364163182	0.153865748455	11.6
5.84062558288	0.761690097844	0.135585373819	11.7
5.93970782046	0.775207131405	0.144899082572	11.8
6.03865986872	0.789646388463	0.131899736428	11.9
6.13779125211	0.802798149844	0.118900390284	12.0
6.13779125211	0.802798149844	0.214100167665	12.0
6.13779125211	0.802798149844	0.309299945047	12.0
6.13779125211	0.802798149844	0.404499722429	12.0
6.13779125211	0.802798149844	0.49969949981	12.0
6.13779125211	0.802798149844	0.594899277192	12.0
6.13779125211	0.802798149844	0.690099054573	12.0
6.13779125211	0.802798149844	0.785298831955	12.0
6.13779125211	0.802798149844	0.880498609336	12.0
6.13779125211	0.802798149844	0.975698386718	12.0
6.13779125211	0.802798149844	1.0708981641	12.0
6.13779125211	0.802798149844	1.16609794148	12.0
6.13779125211	0.802798149844	1.26129771886	12.0
6.13779125211	0.802798149844	1.35649749624	12.0
6.13779125211	0.802798149844	1.45169727363	12.0
6.13779125211	0.802798149844	1.54689705101	12.0
6.13779125211	0.802798149844	1.64209682839	12.0
6.13779125211	0.802798149844	1.73729660577	12.0
6.13779125211	0.802798149844	1.83249638315	12.0
6.13779125211	0.802798149844	1.92769616053	12.0
6.13779125211	0.802798149844	2.02289593791	12.0
6.13779125211	0.802798149844	2.1180957153	12.0
6.13779125211	0.802798149844	2.21329549268	12.0
6.13779125211	0.802798149844	2.30849527006	12.0
