10.66	7.68	0.0	0
10.66	7.68	0.0	0
10.66	7.68	0.0	0
10.66	7.68	0.0	0
10.66	7.68	0.0	0
10.66	7.68	0.0	0
10.66	7.68	0.0	0
10.66	7.68	0.142799666072	0.1
10.66	7.68	0.285599332145	0.1
10.66	7.68	0.428398998217	0.1
10.66	7.68	0.571198664289	0.1
10.66	7.68	0.713998330361	0.1
10.66	7.68	0.856797996434	0.1
10.66	7.68	0.999597662506	0.1
10.66	7.68	1.14239732858	0.1
10.66	7.68	1.28519699465	0.1
10.66	7.68	1.42799666072	0.1
10.66	7.68	1.57079632679	0.1
10.66	7.68	1.71359599287	0.1
10.66	7.68	1.85639565894	0.1
10.66	7.68	1.99919532501	0.1
10.66	7.68	2.14199499108	0.1
10.66	7.68	2.28479465716	0.1
10.66	7.68	2.42759432323	0.1
10.66	7.68	2.5703939893	0.1
10.66	7.68	2.71319365537	0.1
10.66	7.68	2.85599332145	0.1
10.66	7.68	2.99879298752	0.1
10.66	7.68	3.14159265359	0.1
10.66	7.68	-2.99879298752	0.1
10.66	7.68	-2.85599332145	0.1
10.66	7.68	-2.71319365537	0.1
10.66	7.68	-2.5703939893	0.1
10.66	7.68	-2.42759432323	0.1
10.66	7.68	-2.28479465716	0.1
10.66	7.68	-2.14199499108	0.1
10.66	7.68	-1.99919532501	0.1
10.66	7.68	-1.85639565894	0.1
10.66	7.68	-1.71359599287	0.1
10.66	7.68	-1.57079632679	0.1
10.66	7.68	-1.42799666072	0.1
10.66	7.68	-1.28519699465	0.1
10.66	7.68	-1.14239732858	0.1
10.66	7.68	-0.999597662506	0.1
10.66	7.68	-0.856797996434	0.1
10.66	7.68	-0.713998330361	0.1
10.66	7.68	-0.571198664289	0.1
10.66	7.68	-0.428398998217	0.1
10.66	7.68	-0.285599332145	0.1
10.66	7.68	-0.142799666072	0.1
10.66	7.68	-1.83186799063e-15	0.1
10.6911943996	7.68	0.157079632679	0.1
10.7232753759	7.68508112749	0.314159265359	0.2
10.756011189	7.69571763794	0.471238898038	0.3
10.788454628	7.71224839577	0.628318530718	0.4
10.8192307329	7.73460854481	0.765632322079	0.5
10.8472847772	7.76157492253	0.841962382654	0.6
10.8732866503	7.79069823869	0.881699152181	0.7
10.8980345123	7.82073863502	0.899816192667	0.8
10.9221125673	7.85106934275	0.905063856992	0.9
10.9459014137	7.88136081691	0.902592057878	1.0
10.9696394545	7.9114342668	0.895540374119	1.1
10.9934719102	7.94119340459	0.885927719328	1.2
11.0174824839	7.97059126499	0.87513559806	1.3
11.0417127943	7.99961316059	0.864163988307	1.4
11.0661744881	8.02826723526	0.85376050412	1.5
11.0908573341	8.05657853951	0.844479266833	1.6
11.115735286	8.08458457637	0.836702277616	1.7
11.1407716214	8.11233127705	0.830643362061	1.8
11.1659236942	8.13986893525	0.826347297731	1.9
11.1911474957	8.16724798273	0.82369155457	2.0
11.2164020187	8.19451470597	0.822393853814	2.1
11.2416533395	8.22170710399	0.822025131659	2.2
11.2668783385	8.24885107794	0.822024560892	2.3
11.2921033531	8.2759950375	0.822023990125	2.4
11.2921033531	8.2759950375	0.964823656197	2.4
11.2921033531	8.2759950375	1.10762332227	2.4
11.2921033531	8.2759950375	1.25042298834	2.4
11.2921033531	8.2759950375	1.39322265441	2.4
11.2921033531	8.2759950375	1.53602232049	2.4
11.2921033531	8.2759950375	1.67882198656	2.4
11.2921033531	8.2759950375	1.82162165263	2.4
11.2921033531	8.2759950375	1.9644213187	2.4
11.2921033531	8.2759950375	2.10722098478	2.4
11.2921033531	8.2759950375	2.25002065085	2.4
11.2921033531	8.2759950375	2.39282031692	2.4
11.2921033531	8.2759950375	2.53561998299	2.4
11.2921033531	8.2759950375	2.67841964906	2.4
11.2921033531	8.2759950375	2.82121931514	2.4
11.2921033531	8.2759950375	2.96401898121	2.4
11.2921033531	8.2759950375	3.10681864728	2.4
11.2921033531	8.2759950375	-3.03356699383	2.4
11.2921033531	8.2759950375	-2.89076732775	2.4
11.2921033531	8.2759950375	-2.74796766168	2.4
11.2921033531	8.2759950375	-2.60516799561	2.4
11.2921033531	8.2759950375	-2.46236832954	2.4
11.2921033531	8.2759950375	-2.31956866347	2.4
11.2921033531	8.2759950375	-2.17676899739	2.4
11.2921033531	8.2759950375	-2.03396933132	2.4
11.2921033531	8.2759950375	-1.89116966525	2.4
11.2921033531	8.2759950375	-1.74836999918	2.4
11.2921033531	8.2759950375	-1.6055703331	2.4
11.2921033531	8.2759950375	-1.46277066703	2.4
11.2921033531	8.2759950375	-1.31997100096	2.4
11.2921033531	8.2759950375	-1.17717133489	2.4
11.2921033531	8.2759950375	-1.03437166881	2.4
11.2921033531	8.2759950375	-0.891572002742	2.4
11.2921033531	8.2759950375	-0.74877233667	2.4
11.2921033531	8.2759950375	-0.605972670598	2.4
11.2921033531	8.2759950375	-0.463173004526	2.4
11.2921033531	8.2759950375	-0.320373338453	2.4
11.2921033531	8.2759950375	-0.177573672381	2.4
11.2921033531	8.2759950375	-0.0347740063089	2.4
11.2921033531	8.2759950375	0.108025659763	2.4
11.2921033531	8.2759950375	0.250825325836	2.4
11.2921033531	8.2759950375	0.393624991908	2.4
11.2921033531	8.2759950375	0.53642465798	2.4
11.2921033531	8.2759950375	0.679224324052	2.4
11.2921033531	8.2759950375	0.822023990125	2.4
11.3161465254	8.30186721887	0.847512658778	2.4
11.3318285472	8.31962927863	1.00459229146	2.5
11.3387194174	8.33047035498	0.847512658778	2.6
11.3521121858	8.34563951852	1.00459229146	2.7
11.3548414215	8.34993329443	0.847512658778	2.8
11.3652053496	8.36167187718	1.00459229146	2.9
11.3622694661	8.35705299225	0.847512658778	3.0
11.3756004033	8.37215212337	1.00459229146	3.1
11.3440125789	8.32245651118	1.16167192414	3.2
11.3240549965	8.27642787842	1.20756989651	3.3
11.3131444336	8.24772273671	1.36464952919	3.4
11.3081486971	8.22383311957	1.52172916187	3.5
11.3071728149	8.20396038098	1.67880879455	3.6
11.3088808972	8.18820817566	1.83588842723	3.7
11.311922515	8.17700439758	1.99296805991	3.8
11.3145150511	8.17123268766	2.15004769259	3.9
11.3147427248	8.17088461556	2.30712732527	4.0
11.3107439166	8.1752964412	2.46420695795	4.1
11.3009333943	8.18318750145	2.62128659063	4.2
11.2841994054	8.19277554664	2.77836622331	4.3
11.2600500675	8.20195449001	2.93544585599	4.4
11.228691468	8.20851212125	3.09252548867	4.5
11.1910298156	8.21036155622	-3.03358018583	4.6
11.1485997327	8.20576067197	-2.87650055315	4.7
11.1034286154	8.19349755196	-2.71942092047	4.8
11.0578521215	8.17302550634	-2.56234128779	4.9
11.0142984626	8.14453710199	-2.40526165511	5.0
10.9750600185	8.10897200406	-2.25872766178	5.1
10.9416573939	8.06832949487	-2.21763872118	5.2
10.9106987503	8.02733736792	-2.20967041342	5.3
10.8808020063	7.98708839651	-2.21332868896	5.4
10.8514510214	7.94787466529	-2.22253397733	5.5
10.8224000834	7.90979754057	-2.23606830759	5.6
10.7934746049	7.87293041012	-2.25456326363	5.7
10.76450282	7.83737831256	-2.27975105232	5.8
10.735288458	7.80331753769	-2.31456609513	5.9
10.7055987374	7.7710470209	-2.36383730288	6.0
10.6751707527	7.74108062815	-2.43580015384	6.1
10.6437799217	7.71432813679	-2.54491100345	6.2
10.63320172	7.70714261465	-2.70199063613	6.3
10.6190057134	7.70046631184	-2.85907026881	6.4
10.60005332	7.69496467334	-3.01614990149	6.5
10.5758805121	7.69191636371	3.10995577301	6.6
10.5467418307	7.69283852837	2.95287614033	6.7
10.513585973	7.69917093933	2.79579650765	6.8
10.4779542961	7.71200802649	2.63871687497	6.9
10.441806644	7.73189076853	2.48163724229	7.0
10.4072912683	7.7586758553	2.32455760961	7.1
10.3764851079	7.79149561313	2.1990252803	7.2
10.3500139539	7.82793689506	2.15637299904	7.3
10.3255026793	7.86489776668	2.14892733317	7.4
10.3016661598	7.90142880525	2.15615353967	7.5
10.2779332985	7.9372329543	2.16914255281	7.6
10.2540702316	7.97223758402	2.18383814455	7.7
10.2299970661	8.00645885386	2.19829484542	7.8
10.2057054724	8.03995108461	2.2115562625	7.9
10.1812206587	8.07278462375	2.22318700421	8.0
10.1565823489	8.1050344146	2.23307193246	8.1
10.1318339941	8.13677293549	2.24132457588	8.2
10.1070157246	8.16806510609	2.24823940045	8.3
10.0821591934	8.19896423725	2.2542623328	8.4
10.0572835241	8.22950864071	2.25997177493	8.5
10.0334019534	8.25849285908	2.23903036609	8.6
10.010132545	8.28797079945	2.21808895725	8.7
10.010132545	8.28797079945	2.36088862332	8.7
10.010132545	8.28797079945	2.50368828939	8.7
10.010132545	8.28797079945	2.64648795546	8.7
10.010132545	8.28797079945	2.78928762154	8.7
10.010132545	8.28797079945	2.93208728761	8.7
10.010132545	8.28797079945	3.07488695368	8.7
10.010132545	8.28797079945	-3.06549868743	8.7
10.010132545	8.28797079945	-2.92269902135	8.7
10.010132545	8.28797079945	-2.77989935528	8.7
10.010132545	8.28797079945	-2.63709968921	8.7
10.010132545	8.28797079945	-2.49430002314	8.7
10.010132545	8.28797079945	-2.35150035707	8.7
10.010132545	8.28797079945	-2.20870069099	8.7
10.010132545	8.28797079945	-2.06590102492	8.7
10.010132545	8.28797079945	-1.92310135885	8.7
10.010132545	8.28797079945	-1.78030169278	8.7
10.010132545	8.28797079945	-1.6375020267	8.7
10.010132545	8.28797079945	-1.49470236063	8.7
10.010132545	8.28797079945	-1.35190269456	8.7
10.010132545	8.28797079945	-1.20910302849	8.7
10.010132545	8.28797079945	-1.06630336242	8.7
10.010132545	8.28797079945	-0.923503696343	8.7
10.010132545	8.28797079945	-0.78070403027	8.7
10.010132545	8.28797079945	-0.637904364198	8.7
10.010132545	8.28797079945	-0.495104698126	8.7
10.010132545	8.28797079945	-0.352305032054	8.7
10.010132545	8.28797079945	-0.209505365981	8.7
10.010132545	8.28797079945	-0.0667056999092	8.7
10.010132545	8.28797079945	0.0760939661631	8.7
10.010132545	8.28797079945	0.218893632235	8.7
10.010132545	8.28797079945	0.361693298308	8.7
10.010132545	8.28797079945	0.50449296438	8.7
10.010132545	8.28797079945	0.647292630452	8.7
10.010132545	8.28797079945	0.790092296524	8.7
10.010132545	8.28797079945	0.932891962597	8.7
10.010132545	8.28797079945	1.07569162867	8.7
10.010132545	8.28797079945	1.21849129474	8.7
10.010132545	8.28797079945	1.36129096081	8.7
10.010132545	8.28797079945	1.50409062689	8.7
10.010132545	8.28797079945	1.64689029296	8.7
10.010132545	8.28797079945	1.78968995903	8.7
10.010132545	8.28797079945	1.9324896251	8.7
10.010132545	8.28797079945	2.07528929117	8.7
10.010132545	8.28797079945	2.21808895725	8.7
9.98978807316	8.31488357061	2.14754598701	8.7
9.97803520576	8.33295009691	1.99046635433	8.8
9.97016400455	8.35059153577	1.83338672165	8.9
9.96413476576	8.37302197565	1.67630708898	9.0
9.96899469196	8.32713207505	1.83338672165	9.1
9.96158214009	8.35470882314	1.67630708898	9.2
9.96954246387	8.27954338805	1.5192274563	9.3
9.96883948912	8.26592370864	1.36214782362	9.4
9.96747893378	8.25949780946	1.20506819094	9.5
9.96664898183	8.25733058836	1.04798855826	9.6
9.96886204273	8.26117073406	0.890908925578	9.7
9.97320703562	8.26654504003	0.733829292898	9.8
9.98305965544	8.27543050072	0.576749660219	9.9
9.99332156006	8.28210620596	0.419670027539	10.0
10.0109929587	8.28999077455	0.26259039486	10.1
10.0360351554	8.29672204617	0.10551076218	10.2
10.0687168479	8.30018316967	-0.051568870499	10.3
10.1073586449	8.29818868753	-0.208648503179	10.4
10.1498277684	8.28919670191	-0.365728135858	10.5
10.1938926534	8.27232175686	-0.522807768538	10.6
10.2371200563	8.2474099743	-0.679887401217	10.7
10.2771189751	8.21507184197	-0.836967033896	10.8
10.3117802444	8.17663778424	-0.919982179633	10.9
10.3425788958	8.13619252873	-0.94247227117	11.0
10.3717885802	8.09598931435	-0.945448550523	11.1
10.4002487521	8.05657152416	-0.941897572785	11.2
10.4282645492	8.0180581002	-0.935870473844	11.3
10.4559664036	7.98045478342	-0.928405158639	11.4
10.4834346617	7.94374562449	-0.919408621188	11.5
10.5107442336	7.90792492503	-0.908260738606	11.6
10.5379825997	7.87301181188	-0.89397107476	11.7
10.5652592373	7.83906132223	-0.875136549639	11.8
10.592712888	7.8061786017	-0.849747787544	11.9
10.6205187635	7.77454235985	-0.814789729918	12.0
10.6488944212	7.74444767207	-0.765470926896	12.1
10.678094557	7.71638870304	-0.693733570732	12.2
10.6941848945	7.70300745799	-0.850813203412	12.3
10.7114548468	7.68331623423	-1.00789283609	12.4
10.7280184033	7.65706661063	-1.16497246877	12.5
10.7419280076	7.62469423668	-1.32205210145	12.6
10.7514228911	7.58731349711	-1.47913173413	12.7
10.7551632907	7.5466225659	-1.63621136681	12.8
10.7524189363	7.50472946588	-1.72136664558	12.9
10.7461464322	7.46338645657	-1.74766691735	13.0
10.7388792426	7.42272819509	-1.74672333331	13.1
10.7317396677	7.38256514503	-1.73359940368	13.2
10.7252006545	7.34275546146	-1.71555419514	13.3
10.7194371836	7.30321939308	-1.69620976792	13.4
10.7144817511	7.26391399883	-1.67745347088	13.5
10.710295658	7.2248148113	-1.66031859258	13.6
10.7068031068	7.18590587402	-1.64540155776	13.7
10.7039081934	7.14717480483	-1.63306426288	13.8
10.7015037661	7.10861051133	-1.62353452567	13.9
10.699476305	7.07020227811	-1.61695713741	14.0
10.6977088124	7.03193958259	-1.61342036603	14.1
10.6960826894	6.9938123161	-1.61296985041	14.2
10.6944790993	6.9558112389	-1.61561570274	14.3
10.6927800838	6.91792856847	-1.62133571015	14.4
10.6908695876	6.88015863176	-1.63007614263	14.5
10.688629043	6.8424068361	-1.6388165751	14.6
10.688629043	6.8424068361	-1.49601690903	14.6
10.688629043	6.8424068361	-1.35321724296	14.6
10.688629043	6.8424068361	-1.21041757689	14.6
10.688629043	6.8424068361	-1.06761791081	14.6
10.688629043	6.8424068361	-0.924818244741	14.6
10.688629043	6.8424068361	-0.782018578669	14.6
10.688629043	6.8424068361	-0.639218912596	14.6
10.688629043	6.8424068361	-0.496419246524	14.6
10.688629043	6.8424068361	-0.353619580452	14.6
10.688629043	6.8424068361	-0.21081991438	14.6
10.688629043	6.8424068361	-0.0680202483074	14.6
10.688629043	6.8424068361	0.0747794177649	14.6
10.688629043	6.8424068361	0.217579083837	14.6
10.688629043	6.8424068361	0.360378749909	14.6
10.688629043	6.8424068361	0.503178415982	14.6
10.688629043	6.8424068361	0.645978082054	14.6
10.688629043	6.8424068361	0.788777748126	14.6
10.688629043	6.8424068361	0.931577414198	14.6
10.688629043	6.8424068361	1.07437708027	14.6
10.688629043	6.8424068361	1.21717674634	14.6
10.688629043	6.8424068361	1.35997641242	14.6
10.688629043	6.8424068361	1.50277607849	14.6
10.688629043	6.8424068361	1.64557574456	14.6
10.688629043	6.8424068361	1.78837541063	14.6
10.688629043	6.8424068361	1.9311750767	14.6
10.688629043	6.8424068361	2.07397474278	14.6
10.688629043	6.8424068361	2.21677440885	14.6
10.688629043	6.8424068361	2.35957407492	14.6
10.688629043	6.8424068361	2.50237374099	14.6
10.688629043	6.8424068361	2.64517340707	14.6
10.688629043	6.8424068361	2.78797307314	14.6
10.688629043	6.8424068361	2.93077273921	14.6
10.688629043	6.8424068361	3.07357240528	14.6
10.688629043	6.8424068361	-3.06681323582	14.6
10.688629043	6.8424068361	-2.92401356975	14.6
10.688629043	6.8424068361	-2.78121390368	14.6
10.688629043	6.8424068361	-2.63841423761	14.6
10.688629043	6.8424068361	-2.49561457154	14.6
10.688629043	6.8424068361	-2.35281490546	14.6
10.688629043	6.8424068361	-2.21001523939	14.6
10.688629043	6.8424068361	-2.06721557332	14.6
10.688629043	6.8424068361	-1.92441590725	14.6
10.688629043	6.8424068361	-1.78161624117	14.6
10.688629043	6.8424068361	-1.6388165751	14.6
10.6860648641	6.80476770395	-1.65049147934	14.6
10.6833082049	6.77025091788	-1.66078568028	14.7
10.6801813827	6.73559818259	-1.67603367849	14.8
10.6765099501	6.70083990646	-1.69513347594	14.9
10.6721565882	6.66600796033	-1.71727566606	15.0
10.6670118616	6.63113697845	-1.7418235469	15.1
10.6609888854	6.59626453685	-1.7682390234	15.2
10.6540204118	6.56143070712	-1.79603889922	15.3
10.6460573165	6.52667719504	-1.8247713107	15.4
10.6370677833	6.49204617745	-1.8540053652	15.5
10.6270367145	6.45757893302	-1.88332911971	15.6
10.615965065	6.42331437142	-1.91235234985	15.7
10.6038689277	6.38928757463	-1.94071145642	15.8
10.5907783081	6.35552846328	-1.96807455132	15.9
10.5767356099	6.3220606846	-1.99414536867	16.0
10.5617939099	6.28890078911	-2.0186651914	16.1
10.5460151388	6.25605772646	-2.04141245621	16.2
10.5294682922	6.22353265277	-2.06220006939	16.3
10.5122277887	6.19131901029	-2.08087071236	16.4
10.4943720713	6.15940281785	-2.09729053498	16.5
10.4759825195	6.1277631004	-2.11134164284	16.6
10.4571427185	6.0963723849	-2.12291370733	16.7
10.4379381079	6.06519719776	-2.13189489497	16.8
10.4184560227	6.03419851018	-2.13816214886	16.9
10.3987861386	6.00333209232	-2.14157067642	17.0
10.3790213381	5.97254875134	-2.1419423109	17.1
10.3592590333	5.94179444284	-2.13905221885	17.2
10.3396030061	5.91101026161	-2.13261321972	17.3
10.3201658627	5.88013233674	-2.12225677179	17.4
10.3010722485	5.84909168654	-2.10750948908	17.5
10.2824384591	5.81777284296	-2.09276220637	17.6
10.2824384591	5.81777284296	-1.9499625403	17.6
10.2824384591	5.81777284296	-1.80716287423	17.6
10.2824384591	5.81777284296	-1.66436320816	17.6
10.2824384591	5.81777284296	-1.52156354209	17.6
10.2824384591	5.81777284296	-1.37876387601	17.6
10.2824384591	5.81777284296	-1.23596420994	17.6
10.2824384591	5.81777284296	-1.09316454387	17.6
10.2824384591	5.81777284296	-0.950364877796	17.6
10.2824384591	5.81777284296	-0.807565211724	17.6
10.2824384591	5.81777284296	-0.664765545652	17.6
10.2824384591	5.81777284296	-0.52196587958	17.6
10.2824384591	5.81777284296	-0.379166213507	17.6
10.2824384591	5.81777284296	-0.236366547435	17.6
10.2824384591	5.81777284296	-0.0935668813627	17.6
10.2824384591	5.81777284296	0.0492327847096	17.6
10.2824384591	5.81777284296	0.192032450782	17.6
10.2824384591	5.81777284296	0.334832116854	17.6
10.2824384591	5.81777284296	0.477631782926	17.6
10.2824384591	5.81777284296	0.620431448999	17.6
10.2824384591	5.81777284296	0.763231115071	17.6
10.2824384591	5.81777284296	0.906030781143	17.6
10.2824384591	5.81777284296	1.04883044722	17.6
10.2824384591	5.81777284296	1.19163011329	17.6
10.2824384591	5.81777284296	1.33442977936	17.6
10.2824384591	5.81777284296	1.47722944543	17.6
10.2824384591	5.81777284296	1.6200291115	17.6
10.2824384591	5.81777284296	1.76282877758	17.6
10.2824384591	5.81777284296	1.90562844365	17.6
10.2824384591	5.81777284296	2.04842810972	17.6
10.2824384591	5.81777284296	2.19122777579	17.6
10.2824384591	5.81777284296	2.33402744187	17.6
10.2824384591	5.81777284296	2.47682710794	17.6
10.2824384591	5.81777284296	2.61962677401	17.6
10.2824384591	5.81777284296	2.76242644008	17.6
10.2824384591	5.81777284296	2.90522610615	17.6
10.2824384591	5.81777284296	3.04802577223	17.6
10.2824384591	5.81777284296	-3.09235986888	17.6
10.2824384591	5.81777284296	-2.94956020281	17.6
10.2824384591	5.81777284296	-2.80676053674	17.6
10.2824384591	5.81777284296	-2.66396087066	17.6
10.2824384591	5.81777284296	-2.52116120459	17.6
10.2824384591	5.81777284296	-2.37836153852	17.6
10.2824384591	5.81777284296	-2.23556187245	17.6
10.2824384591	5.81777284296	-2.09276220637	17.6
10.2642925037	5.78622426819	-2.07301669851	17.6
10.2481903888	5.75690446368	-2.05433171792	17.7
10.2325593076	5.72713736897	-2.02522169765	17.8
10.2177331035	5.69678844028	-1.98575257504	17.9
10.2040566928	5.66574354078	-1.93522105935	18.0
10.1919131525	5.63390941168	-1.87232354144	18.1
10.1817467275	5.60122103482	-1.79536818557	18.2
10.1740801234	5.56765811773	-1.70265336402	18.3
10.1740608055	5.56751246208	-1.8597329967	18.4
10.1723175875	5.56164807875	-2.01681262938	18.5
10.1669947738	5.55051600695	-2.17389226205	18.6
10.1564494161	5.53520384067	-2.33097189473	18.7
10.1394609638	5.51733603663	-2.48805152741	18.8
10.1153971406	5.49890779034	-2.64513116009	18.9
10.0843159863	5.48207060769	-2.80221079277	19.0
10.0469911272	5.46889338186	-2.95929042545	19.1
10.0048559275	5.46112580026	-3.11637005813	19.2
9.95987127475	5.4599909299	3.00973561637	19.3
9.91433036678	5.46603086372	2.91230714379	19.4
9.86996228034	5.47638592377	2.88351841699	19.5
9.82667588186	5.48781182533	2.88258427353	19.6
9.78414393174	5.49908109198	2.89284381023	19.7
9.74217238425	5.50974226859	2.90740135928	19.8
9.70065711382	5.51964651706	2.92331622612	19.9
9.65953776366	5.52876721476	2.93930150942	20.0
9.61877433447	5.5371276489	2.95478598936	20.1
9.5783366497	5.54477079234	2.96951881126	20.2
9.53819970226	5.55174629421	2.98339756506	20.3
9.49834155912	5.55810478728	2.99639119364	20.4
9.45874237566	5.56389539924	3.00850430455	20.5
9.41938390049	5.56916470137	3.0197600422	20.6
9.38024920368	5.57395631477	3.0301915004	20.7
9.34132251148	5.57831082155	3.03983717616	20.8
9.3025890945	5.58226581857	3.04873840084	20.9
9.26403518471	5.58585603717	3.05693778103	21.0
9.22564790891	5.58911349229	3.06447818521	21.1
9.18741523244	5.59206764289	3.07140204737	21.2
9.14932590945	5.59474555478	3.07775087071	21.3
9.11136943773	5.59717206114	3.08356486832	21.4
9.0735360168	5.59936991821	3.08888270416	21.5
9.03581650849	5.60135995492	3.09374131163	21.6
8.99820239943	5.60316121554	3.09817577345	21.7
8.9606857652	5.604791095	3.1022192511	21.8
8.92325923598	5.60626546677	3.10590295419	21.9
8.88591596343	5.60759880311	3.10925614205	22.0
8.84864958902	5.60880428785	3.11230615075	22.1
8.81145421352	5.60989392187	3.11507844016	22.2
8.77432436787	5.61087862128	3.11759665614	22.3
8.73725498526	5.61176830886	3.11988270402	22.4
8.7002413746	5.61257199875	3.12195682992	22.5
8.6632791952	5.61329787488	3.12383770723	22.6
8.62636443285	5.61395336338	3.12554252587	22.7
8.58944860665	5.61454591799	3.12724734451	22.8
8.58944860665	5.61454591799	-3.01313829659	22.8
8.58944860665	5.61454591799	-2.87033863052	22.8
8.58944860665	5.61454591799	-2.72753896445	22.8
8.58944860665	5.61454591799	-2.58473929838	22.8
8.58944860665	5.61454591799	-2.4419396323	22.8
8.58944860665	5.61454591799	-2.29913996623	22.8
8.58944860665	5.61454591799	-2.15634030016	22.8
8.58944860665	5.61454591799	-2.01354063409	22.8
8.58944860665	5.61454591799	-1.87074096802	22.8
8.58944860665	5.61454591799	-1.72794130194	22.8
8.58944860665	5.61454591799	-1.58514163587	22.8
8.58944860665	5.61454591799	-1.4423419698	22.8
8.58944860665	5.61454591799	-1.29954230373	22.8
8.58944860665	5.61454591799	-1.15674263765	22.8
8.58944860665	5.61454591799	-1.01394297158	22.8
8.58944860665	5.61454591799	-0.87114330551	22.8
8.58944860665	5.61454591799	-0.728343639438	22.8
8.58944860665	5.61454591799	-0.585543973365	22.8
8.58944860665	5.61454591799	-0.442744307293	22.8
8.58944860665	5.61454591799	-0.299944641221	22.8
8.58944860665	5.61454591799	-0.157144975149	22.8
8.58944860665	5.61454591799	-0.0143453090764	22.8
