0.48	10.42	0.0261101256098	0
0.48	10.42	0.0261101256098	0
0.48	10.42	0.0261101256098	0
0.48	10.42	0.0261101256098	0
0.48	10.42	0.0261101256098	0
0.48	10.42	0.0261101256098	0
0.48	10.42	0.0261101256098	0.1
0.48	10.42	0.183189758289	0.1
0.48	10.42	0.340269390969	0.1
0.48	10.42	0.497349023648	0.1
0.48	10.42	0.654428656328	0.1
0.48	10.42	0.811508289007	0.1
0.48	10.42	0.968587921687	0.1
0.48	10.42	1.12566755437	0.1
0.48	10.42	1.28274718705	0.1
0.48	10.42	1.43982681973	0.1
0.48	10.42	1.5969064524	0.1
0.48	10.42	1.75398608508	0.1
0.48	10.42	1.91106571776	0.1
0.48	10.42	2.06814535044	0.1
0.48	10.42	2.22522498312	0.1
0.48	10.42	2.3823046158	0.1
0.48	10.42	2.53938424848	0.1
0.48	10.42	2.69646388116	0.1
0.48	10.42	2.85354351384	0.1
0.48	10.42	3.01062314652	0.1
0.48	10.42	-3.11548252798	0.1
0.48	10.42	-2.9584028953	0.1
0.48	10.42	-2.80132326262	0.1
0.48	10.42	-2.64424362994	0.1
0.48	10.42	-2.48716399726	0.1
0.48	10.42	-2.33008436458	0.1
0.48	10.42	-2.1730047319	0.1
0.48	10.42	-2.01592509922	0.1
0.48	10.42	-1.85884546654	0.1
0.48	10.42	-1.70176583386	0.1
0.48	10.42	-1.54468620119	0.1
0.48	10.42	-1.38760656851	0.1
0.48	10.42	-1.23052693583	0.1
0.487719056531	10.3981972196	-1.38760656851	0.1
0.494168345407	10.363386408	-1.23052693583	0.2
0.507047396483	10.3270090189	-1.07344730315	0.3
0.525936160892	10.2922144499	-0.916367670467	0.4
0.549509702101	10.2614883716	-0.759288037788	0.5
0.577165482499	10.2352403463	-0.701564418432	0.6
0.606307258734	10.2106165302	-0.676327295249	0.7
0.635962114707	10.1868153967	-0.668275256938	0.8
0.66569036145	10.1633464116	-0.669103829811	0.9
0.695288891026	10.1399399967	-0.674342068777	1.0
0.724665838235	10.1164576499	-0.681588199798	1.1
0.753784486573	10.092833937	-0.689558933971	1.2
0.782636286533	10.069042891	-0.697578241227	1.3
0.811227103992	10.0450792993	-0.705300919939	1.4
0.839569943075	10.0209484679	-0.712562144494	1.5
0.867681018349	9.99666068057	-0.719295093982	1.6
0.895577624026	9.97222823308	-0.725485637401	1.7
0.923276988804	9.94766387207	-0.731147319771	1.8
0.950795677909	9.92297999772	-0.736307534248	1.9
0.978149300545	9.89818828091	-0.740999889597	2.0
1.00535238765	9.87329950352	-0.745260024425	2.1
1.0324183639	9.84832351729	-0.749123346221	2.2
1.05935957086	9.82326926388	-0.752623848165	2.3
1.08618731686	9.79814482508	-0.755793529949	2.4
1.11293529175	9.77293547721	-0.758963211734	2.5
1.11293529175	9.77293547721	-0.601883579054	2.5
1.11293529175	9.77293547721	-0.444803946375	2.5
1.11293529175	9.77293547721	-0.287724313695	2.5
1.11293529175	9.77293547721	-0.130644681016	2.5
1.11293529175	9.77293547721	0.0264349516637	2.5
1.11293529175	9.77293547721	0.183514584343	2.5
1.11293529175	9.77293547721	0.340594217023	2.5
1.11293529175	9.77293547721	0.497673849702	2.5
1.11293529175	9.77293547721	0.654753482382	2.5
1.11293529175	9.77293547721	0.811833115061	2.5
1.11293529175	9.77293547721	0.968912747741	2.5
1.11293529175	9.77293547721	1.12599238042	2.5
1.11293529175	9.77293547721	1.2830720131	2.5
1.11293529175	9.77293547721	1.44015164578	2.5
1.11293529175	9.77293547721	1.59723127846	2.5
1.11293529175	9.77293547721	1.75431091114	2.5
1.11293529175	9.77293547721	1.91139054382	2.5
1.11293529175	9.77293547721	2.0684701765	2.5
1.11293529175	9.77293547721	2.22554980918	2.5
1.11293529175	9.77293547721	2.38262944186	2.5
1.11293529175	9.77293547721	2.53970907454	2.5
1.11293529175	9.77293547721	2.69678870722	2.5
1.11293529175	9.77293547721	2.85386833989	2.5
1.11293529175	9.77293547721	3.01094797257	2.5
1.11293529175	9.77293547721	-3.11515770193	2.5
1.11293529175	9.77293547721	-2.95807806925	2.5
1.11293529175	9.77293547721	-2.80099843657	2.5
1.11293529175	9.77293547721	-2.64391880389	2.5
1.11293529175	9.77293547721	-2.48683917121	2.5
1.11293529175	9.77293547721	-2.32975953853	2.5
1.11293529175	9.77293547721	-2.17267990585	2.5
1.11293529175	9.77293547721	-2.01560027317	2.5
1.09713391712	9.73978545329	-2.01846889968	2.5
1.09347067903	9.73215669155	-1.86138926701	2.6
1.08930876951	9.7182399912	-1.70430963433	2.7
1.08657171104	9.69786168026	-1.54723000165	2.8
1.08719266253	9.67151745691	-1.39015036897	2.9
1.09288515101	9.64034912911	-1.23307073629	3.0
1.10493214478	9.60604479414	-1.07599110361	3.1
1.12401823207	9.57067243898	-0.918911470928	3.2
1.15012503518	9.53646464113	-0.761831838249	3.3
1.18126169877	9.50676200181	-0.604752205569	3.4
1.17890830349	9.50838851815	-0.761831838249	3.5
1.1801216261	9.50723107609	-0.918911470928	3.6
1.18426238331	9.5018054334	-1.07599110361	3.7
1.19012341014	9.49094315872	-1.23307073629	3.8
1.19607446788	9.47399726484	-1.39015036897	3.9
1.20027776464	9.45098277274	-1.54723000165	4.0
1.20094608362	9.42262895622	-1.70430963433	4.1
1.19660817001	9.39033174621	-1.86138926701	4.2
1.18634355481	9.35600866125	-2.01846889968	4.3
1.16995191345	9.32187276195	-2.14267512219	4.4
1.14912729158	9.28951742309	-2.18602938283	4.5
1.12706515692	9.2583005223	-2.18614689324	4.6
1.10521660835	9.22739354233	-2.16373689745	4.7
1.08425101364	9.19627914322	-2.12980348464	4.8
1.06449160582	9.16469276107	-2.09029173703	4.9
1.04609422195	9.1325234295	-2.04851013059	5.0
1.02912530041	9.09974644601	-2.0063619486	5.1
1.01359915586	9.06638376375	-1.96497903545	5.2
0.999497393522	9.03248145075	-1.9250541668	5.3
0.986779855168	8.99809682794	-1.88701884136	5.4
0.975391310106	8.96329100599	-1.85114057632	5.5
0.965265914652	8.92812447859	-1.81757783079	5.6
0.956330448516	8.8926545104	-1.78641245358	5.7
0.948506833354	8.85693363431	-1.75767010288	5.8
0.941714181979	8.8210088713	-1.73133411137	5.9
0.935870497355	8.78492144001	-1.70735563563	6.0
0.930894078887	8.7487068031	-1.68566154101	6.1
0.926704667852	8.71239494156	-1.6661607559	6.2
0.923224355804	8.6760107755	-1.64874947156	6.3
0.92037803433	8.63957153063	-1.63133818721	6.4
0.92037803433	8.63957153063	-1.47425855453	6.4
0.92037803433	8.63957153063	-1.31717892185	6.4
0.92037803433	8.63957153063	-1.16009928917	6.4
0.92037803433	8.63957153063	-1.00301965649	6.4
0.92037803433	8.63957153063	-0.845940023816	6.4
0.92037803433	8.63957153063	-0.688860391136	6.4
0.92037803433	8.63957153063	-0.531780758457	6.4
0.92037803433	8.63957153063	-0.374701125777	6.4
0.92037803433	8.63957153063	-0.217621493098	6.4
0.92037803433	8.63957153063	-0.0605418604181	6.4
0.92037803433	8.63957153063	0.0965377722614	6.4
0.92037803433	8.63957153063	0.253617404941	6.4
0.92037803433	8.63957153063	0.41069703762	6.4
0.92037803433	8.63957153063	0.5677766703	6.4
0.92037803433	8.63957153063	0.724856302979	6.4
0.92037803433	8.63957153063	0.881935935659	6.4
0.92037803433	8.63957153063	1.03901556834	6.4
0.92037803433	8.63957153063	1.19609520102	6.4
0.92037803433	8.63957153063	1.3531748337	6.4
0.92037803433	8.63957153063	1.51025446638	6.4
0.92037803433	8.63957153063	1.66733409906	6.4
0.92037803433	8.63957153063	1.82441373174	6.4
0.92037803433	8.63957153063	1.98149336442	6.4
0.92037803433	8.63957153063	2.13857299709	6.4
0.92037803433	8.63957153063	2.29565262977	6.4
0.92037803433	8.63957153063	2.45273226245	6.4
0.92037803433	8.63957153063	2.60981189513	6.4
0.92037803433	8.63957153063	2.76689152781	6.4
0.92037803433	8.63957153063	2.92397116049	6.4
0.92037803433	8.63957153063	3.08105079317	6.4
0.92037803433	8.63957153063	-3.04505488133	6.4
0.92037803433	8.63957153063	-2.88797524865	6.4
0.885000041805	8.63040159889	-2.87254117201	6.4
0.877216641148	8.62825542553	-2.71546153933	6.5
0.864623386155	8.62253875958	-2.55838190665	6.6
0.848207182272	8.6117078886	-2.40130227397	6.7
0.829473204969	8.59459211192	-2.24422264129	6.8
0.810299524569	8.57056031405	-2.08714300861	6.9
0.792740354164	8.53963108711	-1.93006337594	7.0
0.77879945544	8.50251141162	-1.77298374326	7.1
0.770199274124	8.46055692334	-1.61590411058	7.2
0.768172507538	8.41565576436	-1.4588244779	7.3
0.773300865442	8.37004691336	-1.36056423017	7.4
0.782806337077	8.32550082386	-1.33008974333	7.5
0.79348167941	8.28201067021	-1.32746973986	7.6
0.804088506268	8.23928348496	-1.33631423869	7.7
0.814156591675	8.19713576732	-1.34981275122	7.8
0.823518034442	8.15546497994	-1.36504300888	7.9
0.832128393815	8.11420921664	-1.38070730268	8.0
0.839994820309	8.07332600708	-1.39620817163	8.1
0.847146020433	8.03278262998	-1.41125916815	8.2
0.853619349732	7.99255177727	-1.42571615132	8.3
0.859455175544	7.95260956208	-1.43950218877	8.4
0.864694412143	7.91293454607	-1.45257326768	8.5
0.869377469812	7.87350721723	-1.4649022327	8.6
0.873543843104	7.83430967386	-1.47647104847	8.7
0.877231989429	7.79532540827	-1.48726694561	8.8
0.880479338073	7.75653914334	-1.49728041746	8.9
0.883322355395	7.7179367004	-1.50650411986	9.0
0.885809199383	7.67930967677	-1.51572782226	9.1
0.885809199383	7.67930967677	-1.35864818958	9.1
0.885809199383	7.67930967677	-1.2015685569	9.1
0.885809199383	7.67930967677	-1.04448892422	9.1
0.885809199383	7.67930967677	-0.88740929154	9.1
0.885809199383	7.67930967677	-0.73032965886	9.1
0.885809199383	7.67930967677	-0.573250026181	9.1
0.885809199383	7.67930967677	-0.416170393501	9.1
0.885809199383	7.67930967677	-0.259090760822	9.1
0.885809199383	7.67930967677	-0.102011128142	9.1
0.885809199383	7.67930967677	0.0550685045372	9.1
0.885809199383	7.67930967677	0.212148137217	9.1
0.885809199383	7.67930967677	0.369227769896	9.1
0.885809199383	7.67930967677	0.526307402576	9.1
0.885809199383	7.67930967677	0.683387035255	9.1
0.885809199383	7.67930967677	0.840466667935	9.1
0.885809199383	7.67930967677	0.997546300614	9.1
0.885809199383	7.67930967677	1.15462593329	9.1
0.885809199383	7.67930967677	1.31170556597	9.1
0.885809199383	7.67930967677	1.46878519865	9.1
0.885809199383	7.67930967677	1.62586483133	9.1
0.885809199383	7.67930967677	1.78294446401	9.1
0.885809199383	7.67930967677	1.94002409669	9.1
0.885809199383	7.67930967677	2.09710372937	9.1
0.885809199383	7.67930967677	2.25418336205	9.1
0.885809199383	7.67930967677	2.41126299473	9.1
0.885809199383	7.67930967677	2.56834262741	9.1
0.885809199383	7.67930967677	2.72542226009	9.1
0.885809199383	7.67930967677	2.88250189277	9.1
0.885809199383	7.67930967677	3.03958152545	9.1
0.885809199383	7.67930967677	-3.08652414905	9.1
0.885809199383	7.67930967677	-2.92944451637	9.1
0.885809199383	7.67930967677	-2.77236488369	9.1
0.849893245321	7.66541109955	-2.78079298832	9.1
0.841535581005	7.66225761835	-2.62371335564	9.2
0.828234664668	7.65467943037	-2.46663372296	9.3
0.811383619811	7.64119256917	-2.30955409028	9.4
0.792840988886	7.62083426639	-2.1524744576	9.5
0.774733636055	7.59329747918	-1.99539482492	9.6
0.759224391442	7.5589925426	-1.83831519224	9.7
0.748270620083	7.51902822479	-1.68123555956	9.8
0.743400903439	7.47511355745	-1.52415592688	9.9
0.745534984781	7.42939067173	-1.37143230089	10.0
0.754667399067	7.38419144347	-1.31930661374	10.1
0.765964522782	7.34022167929	-1.30787229155	10.2
0.777560010082	7.29714059418	-1.31235751637	10.3
0.78877922311	7.25469993173	-1.32268311696	10.4
0.799402310236	7.21276665092	-1.33462227156	10.5
0.8093897033	7.17126757105	-1.34634319622	10.6
0.818775156086	7.13015738337	-1.357030265	10.7
0.827622015509	7.0894039921	-1.36631537724	10.8
0.836004679988	7.04898211295	-1.37403565751	10.9
0.844000525894	7.0088704744	-1.38012691176	11.0
0.851686329115	6.96905056925	-1.38457525275	11.1
0.859136667403	6.92950608213	-1.38739434627	11.2
0.86642321344	6.89022261977	-1.38861425245	11.3
0.873614434002	6.8511875809	-1.38827566993	11.4
0.88077547482	6.8123900919	-1.38642678484	11.5
0.887968128795	6.77382097282	-1.38312143012	11.6
0.895250839029	6.73547271548	-1.3784179389	11.7
0.902713838734	6.69715913635	-1.37371444768	11.8
0.902713838734	6.69715913635	-1.216634815	11.8
0.902713838734	6.69715913635	-1.05955518232	11.8
0.902713838734	6.69715913635	-0.902475549639	11.8
0.902713838734	6.69715913635	-0.74539591696	11.8
0.902713838734	6.69715913635	-0.58831628428	11.8
0.902713838734	6.69715913635	-0.431236651601	11.8
0.902713838734	6.69715913635	-0.274157018921	11.8
0.902713838734	6.69715913635	-0.117077386242	11.8
0.902713838734	6.69715913635	0.0400022464376	11.8
0.902713838734	6.69715913635	0.197081879117	11.8
0.902713838734	6.69715913635	0.354161511797	11.8
0.902713838734	6.69715913635	0.511241144476	11.8
0.902713838734	6.69715913635	0.668320777156	11.8
0.902713838734	6.69715913635	0.825400409835	11.8
0.902713838734	6.69715913635	0.982480042515	11.8
0.902713838734	6.69715913635	1.13955967519	11.8
0.902713838734	6.69715913635	1.29663930787	11.8
0.902713838734	6.69715913635	1.45371894055	11.8
0.902713838734	6.69715913635	1.61079857323	11.8
0.902713838734	6.69715913635	1.76787820591	11.8
0.902713838734	6.69715913635	1.92495783859	11.8
0.902713838734	6.69715913635	2.08203747127	11.8
0.902713838734	6.69715913635	2.23911710395	11.8
0.902713838734	6.69715913635	2.39619673663	11.8
0.902713838734	6.69715913635	2.55327636931	11.8
0.902713838734	6.69715913635	2.71035600199	11.8
0.902713838734	6.69715913635	2.86743563467	11.8
0.902713838734	6.69715913635	3.02451526735	11.8
0.902713838734	6.69715913635	-3.10159040715	11.8
0.902713838734	6.69715913635	-2.94451077447	11.8
0.902713838734	6.69715913635	-2.78743114179	11.8
0.902713838734	6.69715913635	-2.63035150911	11.8
0.868831327666	6.67815140934	-2.62431195752	11.8
0.861419454571	6.67393437471	-2.46723232484	11.9
0.850062120421	6.66485559455	-2.31015269216	12.0
0.836219273749	6.64967553611	-2.15307305948	12.1
0.821727303032	6.62766555848	-1.9959934268	12.2
0.808616456529	6.59871182896	-1.83891379412	12.3
0.798902861634	6.56335526872	-1.68183416144	12.4
0.794376925365	6.52276261593	-1.52475452876	12.5
0.796410268354	6.47863084695	-1.36767489608	12.6
0.80580146594	6.43303405342	-1.2105952634	12.7
0.822676966935	6.38822776445	-1.06475369313	12.8
0.845968101185	6.34619925232	-1.01177935243	12.9
0.871068475783	6.30607594894	-0.99361350537	13.0
0.89646678319	6.26707060425	-0.988003323709	13.1
0.921680681065	6.22881948967	-0.986522026359	13.2
0.946579575105	6.19116775094	-0.985918326882	13.3
0.971158832886	6.15404808666	-0.984933707144	13.4
0.995458476476	6.11742907402	-0.983103129566	13.5
1.0195322821	6.08129414643	-0.980287611016	13.6
1.04343569937	6.04563298191	-0.97648577005	13.7
1.06722113655	6.01043788351	-0.971755189577	13.8
1.09093623106	5.9757022021	-0.966178350325	13.9
1.1146233621	5.9414196178	-0.959847212548	14.0
1.13831968957	5.90758379561	-0.952855860546	14.1
1.16205741623	5.87418821163	-0.945296773571	14.2
1.18586414093	5.84122606223	-0.937258814692	14.3
1.2097632435	5.80869021688	-0.928826092595	14.4
1.23377427328	5.77657319637	-0.920077308462	14.5
1.25791332756	5.7448671675	-0.911085400602	14.6
1.28233649982	5.71337947363	-0.902093492742	14.7
1.28233649982	5.71337947363	-0.745013860063	14.7
1.28233649982	5.71337947363	-0.587934227383	14.7
1.28233649982	5.71337947363	-0.430854594704	14.7
1.28233649982	5.71337947363	-0.273774962025	14.7
1.28233649982	5.71337947363	-0.116695329345	14.7
1.28233649982	5.71337947363	0.0403843033345	14.7
1.28233649982	5.71337947363	0.197463936014	14.7
1.28233649982	5.71337947363	0.354543568693	14.7
1.28233649982	5.71337947363	0.511623201373	14.7
1.28233649982	5.71337947363	0.668702834052	14.7
1.28233649982	5.71337947363	0.825782466732	14.7
1.28233649982	5.71337947363	0.982862099411	14.7
1.28233649982	5.71337947363	1.13994173209	14.7
1.28233649982	5.71337947363	1.29702136477	14.7
1.28233649982	5.71337947363	1.45410099745	14.7
1.28233649982	5.71337947363	1.61118063013	14.7
1.28233649982	5.71337947363	1.76826026281	14.7
1.28233649982	5.71337947363	1.92533989549	14.7
1.28233649982	5.71337947363	2.08241952817	14.7
1.28233649982	5.71337947363	2.23949916085	14.7
1.28233649982	5.71337947363	2.39657879353	14.7
1.28233649982	5.71337947363	2.55365842621	14.7
1.28233649982	5.71337947363	2.71073805889	14.7
1.28233649982	5.71337947363	2.86781769157	14.7
1.28233649982	5.71337947363	3.02489732424	14.7
1.28233649982	5.71337947363	-3.10120835026	14.7
1.28233649982	5.71337947363	-2.94412871758	14.7
1.28233649982	5.71337947363	-2.7870490849	14.7
1.28233649982	5.71337947363	-2.62996945222	14.7
1.28233649982	5.71337947363	-2.47288981954	14.7
1.28233649982	5.71337947363	-2.31581018686	14.7
1.28233649982	5.71337947363	-2.15873055418	14.7
1.2603638448	5.68041560777	-2.14956254312	14.7
1.2555941437	5.67311586228	-1.99248291044	14.8
1.24952230903	5.65958069693	-1.83540327776	14.9
1.24404163112	5.63935385267	-1.67832364508	15.0
1.24115644629	5.61262523461	-1.5212440124	15.1
1.2427622695	5.58024513926	-1.36416437972	15.2
1.25043033423	5.54366503112	-1.20708474704	15.3
1.25537770786	5.53066773018	-1.05000511436	15.4
1.26586544805	5.5123840755	-0.892925481685	15.5
1.28340433103	5.49060059246	-0.735845849006	15.6
1.30886818255	5.46754305776	-0.578766216326	15.7
1.34237494263	5.4456495232	-0.421686583647	15.8
1.38324736396	5.42731427732	-0.264606950967	15.9
1.43005910953	5.41463013851	-0.107527318288	16.0
1.48076281217	5.40915699534	0.0495523143919	16.1
1.53288775993	5.41174202328	0.206631947071	16.2
1.58378723148	5.42241176872	0.247368410276	16.3
1.63298492307	5.43483618471	0.250059505715	16.4
1.68094714858	5.44708599167	0.240671786917	16.5
1.72792410658	5.45861549187	0.22748633488	16.6
1.77404821872	5.46929292145	0.213311585795	16.7
1.81940556256	5.47911763657	0.199160148944	16.8
1.86406281771	5.48813107039	0.185419324554	16.9
1.90807687136	5.49638695742	0.172245328626	17.0
1.95149842534	5.50394097073	0.159703019808	17.1
1.9943735215	5.51084706659	0.147817868593	17.2
2.03674431327	5.51715624591	0.136596285936	17.3
2.07864954348	5.52291621356	0.126034082408	17.4
2.1201248937	5.52817137615	0.116120310312	17.5
2.16120326758	5.53296296554	0.10683924402	17.6
2.2019150334	5.53732920547	0.0981715765732	17.7
2.24228823751	5.54130548881	0.0900952641346	17.8
2.28269223828	5.5449555794	0.0820189516959	17.9
2.28269223828	5.5449555794	0.239098584375	17.9
2.28269223828	5.5449555794	0.396178217055	17.9
2.28269223828	5.5449555794	0.553257849734	17.9
2.28269223828	5.5449555794	0.710337482414	17.9
2.28269223828	5.5449555794	0.867417115093	17.9
2.28269223828	5.5449555794	1.02449674777	17.9
2.28269223828	5.5449555794	1.18157638045	17.9
2.28269223828	5.5449555794	1.33865601313	17.9
2.28269223828	5.5449555794	1.49573564581	17.9
2.28269223828	5.5449555794	1.65281527849	17.9
2.28269223828	5.5449555794	1.80989491117	17.9
2.28269223828	5.5449555794	1.96697454385	17.9
2.28269223828	5.5449555794	2.12405417653	17.9
2.28269223828	5.5449555794	2.28113380921	17.9
2.28269223828	5.5449555794	2.43821344189	17.9
2.28269223828	5.5449555794	2.59529307457	17.9
2.28269223828	5.5449555794	2.75237270725	17.9
2.28269223828	5.5449555794	2.90945233993	17.9
2.28269223828	5.5449555794	3.06653197261	17.9
2.28269223828	5.5449555794	-3.05957370189	17.9
2.28269223828	5.5449555794	-2.90249406921	17.9
2.28269223828	5.5449555794	-2.74541443653	17.9
2.28269223828	5.5449555794	-2.58833480386	17.9
2.28269223828	5.5449555794	-2.43125517118	17.9
2.28269223828	5.5449555794	-2.2741755385	17.9
2.28269223828	5.5449555794	-2.11709590582	17.9
2.28269223828	5.5449555794	-1.96001627314	17.9
2.28269223828	5.5449555794	-1.80293664046	17.9
2.28269223828	5.5449555794	-1.64585700778	17.9
2.28269223828	5.5449555794	-1.4887773751	17.9
2.28269223828	5.5449555794	-1.33169774242	17.9
2.28269223828	5.5449555794	-1.17461810974	17.9
2.29821437861	5.50784750745	-1.18212718005	17.9
2.30172519445	5.49927408749	-1.02504754737	18.0
2.30995238194	5.48572628821	-0.867967914689	18.1
2.32437466201	5.46870151574	-0.710888282009	18.2
2.34591442341	5.45015417903	-0.55380864933	18.4
2.33589510978	5.45634969993	-0.39672901665	18.4
2.34018882025	5.45455088065	-0.239649383971	18.5
2.35705142683	5.450430585	-0.0825697512914	18.6
2.38445910075	5.44816238315	0.074509881388	18.7
2.42011858916	5.45082429529	0.231589514068	18.8
2.46139525072	5.46055818421	0.388669146747	18.9
2.505401917	5.47857891592	0.545748779427	19.0
2.54918565361	5.5051675155	0.702828412106	19.1
2.58995663093	5.53970603606	0.859908044785	19.2
2.62531881864	5.58077355413	0.993053649762	19.3
2.6545360338	5.625588881	1.0218058436	19.4
2.6817259846	5.67003745322	1.02200364055	19.5
2.70822891714	5.71338218499	1.01489629215	19.6
2.73441761107	5.75553684614	1.00647785281	19.7
2.76038610667	5.79656250385	0.998284709949	19.8
2.78668985599	5.83737402338	0.990091567091	19.9
2.78668985599	5.83737402338	1.14717119977	19.9
2.78668985599	5.83737402338	1.30425083245	19.9
2.78668985599	5.83737402338	1.46133046513	19.9
2.78668985599	5.83737402338	1.61841009781	19.9
2.78668985599	5.83737402338	1.77548973049	19.9
2.78668985599	5.83737402338	1.93256936317	19.9
2.78668985599	5.83737402338	2.08964899585	19.9
2.78668985599	5.83737402338	2.24672862853	19.9
2.78668985599	5.83737402338	2.40380826121	19.9
2.78668985599	5.83737402338	2.56088789389	19.9
2.78668985599	5.83737402338	2.71796752657	19.9
2.78668985599	5.83737402338	2.87504715924	19.9
2.78668985599	5.83737402338	3.03212679192	19.9
2.78668985599	5.83737402338	-3.09397888258	19.9
2.78668985599	5.83737402338	-2.9368992499	19.9
2.78668985599	5.83737402338	-2.77981961722	19.9
2.78668985599	5.83737402338	-2.62273998454	19.9
2.78668985599	5.83737402338	-2.46566035186	19.9
2.78668985599	5.83737402338	-2.30858071918	19.9
2.78668985599	5.83737402338	-2.1515010865	19.9
2.78668985599	5.83737402338	-1.99442145382	19.9
2.78668985599	5.83737402338	-1.83734182114	19.9
2.78668985599	5.83737402338	-1.68026218846	19.9
2.78668985599	5.83737402338	-1.52318255578	19.9
2.78668985599	5.83737402338	-1.3661029231	19.9
2.78668985599	5.83737402338	-1.20902329042	19.9
2.78668985599	5.83737402338	-1.05194365774	19.9
2.78668985599	5.83737402338	-0.894864025063	19.9
2.78668985599	5.83737402338	-0.737784392383	19.9
2.78668985599	5.83737402338	-0.580704759704	19.9
2.78668985599	5.83737402338	-0.423625127024	19.9
2.78668985599	5.83737402338	-0.266545494345	19.9
2.83257887082	5.82484436885	-0.274398301497	19.9
2.84292924168	5.82193074849	-0.117318668817	20.0
2.86113945542	5.81978449463	0.0397609638624	20.1
2.88680970615	5.82080570676	0.196840596542	20.2
2.91873686017	5.82717271247	0.353920229221	20.3
2.95500607882	5.84057337152	0.510999861901	20.4
2.99317243908	5.86197218684	0.66807949458	20.5
3.03051904003	5.89144362124	0.82515912726	20.6
3.06436693242	5.92809615673	0.982238759939	20.7
3.09240395015	5.97010115696	1.08863213431	20.8
3.1152555882	6.01376408894	1.09436865741	20.9
3.13699901044	6.05589607866	1.06156656818	21.0
3.15919180038	6.09564332113	1.00861010895	21.1
3.18241269969	6.13250193445	0.938398334495	21.2
3.20683942743	6.16583562615	0.84536628297	21.3
3.23425715552	6.19675597894	0.752334231445	21.4
3.23425715552	6.19675597894	0.909413864124	21.4
3.23425715552	6.19675597894	1.0664934968	21.4
3.23425715552	6.19675597894	1.22357312948	21.4
3.23425715552	6.19675597894	1.38065276216	21.4
3.23425715552	6.19675597894	1.53773239484	21.4
3.23425715552	6.19675597894	1.69481202752	21.4
3.23425715552	6.19675597894	1.8518916602	21.4
3.23425715552	6.19675597894	2.00897129288	21.4
3.23425715552	6.19675597894	2.16605092556	21.4
3.23425715552	6.19675597894	2.32313055824	21.4
3.23425715552	6.19675597894	2.48021019092	21.4
3.23425715552	6.19675597894	2.6372898236	21.4
3.23425715552	6.19675597894	2.79436945628	21.4
3.23425715552	6.19675597894	2.95144908896	21.4
3.23425715552	6.19675597894	3.10852872164	21.4
3.23425715552	6.19675597894	-3.01757695286	21.4
3.23425715552	6.19675597894	-2.86049732018	21.4
3.23425715552	6.19675597894	-2.7034176875	21.4
3.23425715552	6.19675597894	-2.54633805482	21.4
3.23425715552	6.19675597894	-2.38925842215	21.4
3.23425715552	6.19675597894	-2.23217878947	21.4
3.23425715552	6.19675597894	-2.07509915679	21.4
3.23425715552	6.19675597894	-1.91801952411	21.4
3.23425715552	6.19675597894	-1.76093989143	21.4
3.23425715552	6.19675597894	-1.60386025875	21.4
3.23425715552	6.19675597894	-1.44678062607	21.4
3.23425715552	6.19675597894	-1.28970099339	21.4
3.23425715552	6.19675597894	-1.13262136071	21.4
3.23425715552	6.19675597894	-0.97554172803	21.4
3.23425715552	6.19675597894	-0.81846209535	21.4
3.23425715552	6.19675597894	-0.661382462671	21.4
3.23425715552	6.19675597894	-0.504302829991	21.4
3.26777575055	6.17825697642	-0.636765747914	21.4
3.28275715375	6.16717779825	-0.479686115234	21.5
3.30456429724	6.15583346159	-0.514192852602	21.6
3.32675602878	6.14329787595	-0.548666383166	21.7
3.3492347443	6.12955727127	-0.581320382651	21.8
3.37192377646	6.11464927853	-0.611074681655	21.9
3.39476863855	6.09864600224	-0.637408759709	22.0
3.41773511888	6.08163877496	-0.660208866558	22.1
3.44080522142	6.06372623281	-0.679629225136	22.2
3.46397235009	6.04500607336	-0.69597885144	22.3
3.48723683279	6.02557004987	-0.709637479509	22.4
3.51060236964	6.00550142497	-0.720998551041	22.5
3.53407355771	5.9848740968	-0.73043438389	22.6
3.5576543809	5.96375275097	-0.738277837439	22.7
3.58134744272	5.94219356917	-0.744815230406	22.8
3.60515370649	5.92024518335	-0.750286265515	22.9
3.6290725446	5.89794968545	-0.754887835308	23.0
3.65310194946	5.87534358676	-0.758779588303	23.1
3.67723880843	5.85245867601	-0.762089930928	23.2
3.70129977839	5.82949398951	-0.765400273554	23.3
3.70129977839	5.82949398951	-0.608320640874	23.3
3.70129977839	5.82949398951	-0.451241008195	23.3
3.70129977839	5.82949398951	-0.294161375515	23.3
3.70129977839	5.82949398951	-0.137081742836	23.3
3.70129977839	5.82949398951	0.0199978898435	23.3
3.70129977839	5.82949398951	0.177077522523	23.3
3.70129977839	5.82949398951	0.334157155202	23.3
3.70129977839	5.82949398951	0.491236787882	23.3
3.70129977839	5.82949398951	0.648316420561	23.3
3.70129977839	5.82949398951	0.805396053241	23.3
3.70129977839	5.82949398951	0.96247568592	23.3
3.70129977839	5.82949398951	1.1195553186	23.3
3.70129977839	5.82949398951	1.27663495128	23.3
3.70129977839	5.82949398951	1.43371458396	23.3
3.70129977839	5.82949398951	1.59079421664	23.3
3.70129977839	5.82949398951	1.74787384932	23.3
3.70129977839	5.82949398951	1.904953482	23.3
3.70129977839	5.82949398951	2.06203311468	23.3
3.70129977839	5.82949398951	2.21911274736	23.3
3.70129977839	5.82949398951	2.37619238004	23.3
3.70129977839	5.82949398951	2.53327201272	23.3
3.70129977839	5.82949398951	2.69035164539	23.3
3.70129977839	5.82949398951	2.84743127807	23.3
3.70129977839	5.82949398951	3.00451091075	23.3
3.70129977839	5.82949398951	-3.12159476375	23.3
3.70129977839	5.82949398951	-2.96451513107	23.3
3.70129977839	5.82949398951	-2.80743549839	23.3
3.70129977839	5.82949398951	-2.65035586571	23.3
3.70129977839	5.82949398951	-2.49327623303	23.3
3.70129977839	5.82949398951	-2.33619660035	23.3
3.70129977839	5.82949398951	-2.17911696767	23.3
3.70129977839	5.82949398951	-2.02203733499	23.3
3.68668699743	5.79933883913	-2.02486912143	23.3
3.68326272463	5.79232315389	-1.86778948876	23.4
3.67931868447	5.77943601806	-1.71070985608	23.5
3.67664401641	5.7604443427	-1.5536302234	23.6
3.67706797359	5.73574942361	-1.39655059072	23.7
3.68223860774	5.70637597375	-1.23947095804	23.8
3.69341538056	5.67388596016	-1.08239132536	23.9
3.71130042279	5.64022577083	-0.925311692678	24.0
3.73592897338	5.60752304382	-0.768232059999	24.1
3.76663299414	5.5778554699	-0.619845135772	24.2
3.80183968426	5.55272932691	-0.562898244769	24.3
3.83802993962	5.52989348056	-0.547569405457	24.4
3.87406703373	5.50791928826	-0.550654119064	24.5
3.9095701363	5.48612018533	-0.561693862037	24.6
3.9444156153	5.46419151746	-0.575907702546	24.7
3.97857863093	5.44200827032	-0.59107169778	24.8
4.01207539581	5.4195282931	-0.606141343689	24.9
4.04493940256	5.39674726859	-0.620629550031	25.0
4.07721081609	5.37367773094	-0.634318768066	25.1
4.10893152628	5.35033920807	-0.647124586331	25.2
4.14014280356	5.32675355942	-0.6590295977	25.3
4.17088420233	5.30294277306	-0.670050575388	25.4
4.20119307829	5.27892794442	-0.680221764434	25.5
4.23110441272	5.25472883064	-0.689586132547	25.6
4.26065079178	5.23036368815	-0.698190640165	25.7
4.28986246385	5.20584925078	-0.706083592414	25.8
4.31876743586	5.18120077671	-0.713313103133	25.9
4.34739158796	5.15643212824	-0.719926175705	26.0
4.37585131848	5.13147472914	-0.726539248278	26.1
4.37585131848	5.13147472914	-0.569459615598	26.1
4.37585131848	5.13147472914	-0.412379982919	26.1
4.37585131848	5.13147472914	-0.255300350239	26.1
4.37585131848	5.13147472914	-0.0982207175598	26.1
4.37585131848	5.13147472914	0.0588589151197	26.1
4.37585131848	5.13147472914	0.215938547799	26.1
4.37585131848	5.13147472914	0.373018180479	26.1
4.37585131848	5.13147472914	0.530097813158	26.1
4.37585131848	5.13147472914	0.687177445838	26.1
4.37585131848	5.13147472914	0.844257078517	26.1
4.37585131848	5.13147472914	1.0013367112	26.1
4.37585131848	5.13147472914	1.15841634388	26.1
4.37585131848	5.13147472914	1.31549597656	26.1
4.37585131848	5.13147472914	1.47257560924	26.1
4.37585131848	5.13147472914	1.62965524191	26.1
4.37585131848	5.13147472914	1.78673487459	26.1
4.37585131848	5.13147472914	1.94381450727	26.1
4.37585131848	5.13147472914	2.10089413995	26.1
4.37585131848	5.13147472914	2.25797377263	26.1
4.37585131848	5.13147472914	2.41505340531	26.1
4.37585131848	5.13147472914	2.57213303799	26.1
4.37585131848	5.13147472914	2.72921267067	26.1
4.37585131848	5.13147472914	2.88629230335	26.1
4.37585131848	5.13147472914	3.04337193603	26.1
4.37585131848	5.13147472914	-3.08273373847	26.1
4.37585131848	5.13147472914	-2.92565410579	26.1
4.37585131848	5.13147472914	-2.76857447311	26.1
4.37585131848	5.13147472914	-2.61149484043	26.1
4.37585131848	5.13147472914	-2.45441520775	26.1
4.37585131848	5.13147472914	-2.29733557507	26.1
4.37585131848	5.13147472914	-2.14025594239	26.1
4.37585131848	5.13147472914	-1.98317630971	26.1
4.36072961473	5.09690796776	-1.98921827579	26.1
4.36672090148	5.11038118815	-1.83213864311	26.2
4.36635015729	5.10899501799	-1.67505901043	26.3
4.36649538869	5.11038290448	-1.51797937775	26.4
4.3673244316	5.09470097152	-1.36089974507	26.5
4.36994687906	5.08239099568	-1.20382011239	26.6
4.37276688991	5.07505464068	-1.04674047972	26.7
4.38074786291	5.06124576991	-0.889660847036	26.8
4.34681039594	5.1031159065	-0.732581214356	26.9
4.32240240753	5.12507276545	-0.575501581677	27.0
4.30078775967	5.13909544016	-0.418421948997	27.1
4.28152065373	5.14766315843	-0.261342316318	27.2
4.26362002815	5.15245084837	-0.104262683638	27.3
4.24741896166	5.15414616259	0.052816949041	27.4
4.23416718184	5.15344559244	0.209896581721	27.5
4.2248734988	5.1514657189	0.3669762144	27.6
4.22016212144	5.1496547194	0.52405584708	27.7
4.22016376787	5.14965567097	0.681135479759	27.8
4.22445709268	5.15313558722	0.838215112438	27.9
4.23207044599	5.16159884873	0.995294745118	28.0
4.24154714253	5.17620629437	1.1523743778	28.1
4.25107003709	5.19762140314	1.30945401048	28.2
4.25863412387	5.22590265919	1.46653364316	28.3
4.26224992094	5.26045658918	1.62361327584	28.4
4.26015626457	5.30005958031	1.78069290852	28.5
4.25101931929	5.34294912431	1.93777254119	28.6
4.23409535145	5.3869774074	2.09485217387	28.7
4.20933807671	5.42981303752	2.25193180655	28.8
4.17743685639	5.46917096761	2.40823092186	28.9
4.13980753217	5.50307460819	2.45681372677	29.0
4.10138743246	5.53444831275	2.46883652105	29.1
4.06343034426	5.56469062537	2.46834940965	29.2
4.02626332286	5.59433306109	2.46352178249	29.3
3.98994832374	5.62358391009	2.4572587664	29.4
3.95446366665	5.65253423044	2.45064124924	29.5
3.91976122666	5.68123095666	2.44408764776	29.6
3.88578600779	5.70970328574	2.43776478682	29.7
3.8524831114	5.73797255338	2.43173954479	29.8
3.81980020158	5.76605610465	2.42603707748	29.9
3.78768829293	5.79396890254	2.42066404533	30.0
3.7561018982	5.82172425224	2.41561826182	30.1
3.72499893152	5.84933416564	2.41089290028	30.2
3.69434052283	5.87680957202	2.40647845158	30.3
3.66409080601	5.9041604587	2.40236372229	30.4
3.63421670569	5.93139597672	2.39853640727	30.5
3.60468773272	5.95852452685	2.39498346347	30.6
3.57547579165	5.98555383292	2.39169138269	30.7
3.54655500125	6.01249100599	2.38864640657	30.8
3.51790152762	6.03934260119	2.38583470347	30.9
3.48949342941	6.06611466839	2.38324251651	31.0
3.46131051423	6.09281279754	2.38085628753	31.1
3.43333420545	6.11944215926	2.37866275993	31.2
3.40554741867	6.1460075413	2.37664906258	31.3
3.37793444718	6.17251338124	2.37480277657	31.4
3.35048085562	6.19896379583	2.37311198647	31.5
3.32317338144	6.22536260743	2.37156531794	31.6
3.29599984346	6.25171336783	2.37015196314	31.7
3.26894905719	6.27801937968	2.36886169562	31.8
3.24201075623	6.30428371585	2.3676848762	31.9
3.21517551961	6.33050923705	2.36661245114	32.0
3.18843470445	6.35669860766	2.36563594404	32.1
3.17786648931	6.36706912485	2.20855631136	32.2
3.16737005671	6.38123305399	2.05147667868	32.3
3.15726594501	6.40060904367	1.894397046	32.4
3.14876997898	6.42594061988	1.73731741332	32.5
3.14353899132	6.45706309004	1.58023778064	32.6
3.14320122802	6.49283652832	1.42315814796	32.7
3.14891514312	6.53125707256	1.26607851528	32.8
3.16102204337	6.56975117782	1.16735668508	32.9
3.17675604051	6.60661158143	1.15547086755	33.0
3.19256642057	6.64246461954	1.18597319088	33.2
3.20811271114	6.68084899318	1.25226130677	33.2
3.21991069156	6.71662599915	1.29909272669	33.3
3.22992480045	6.75257128723	1.34830780047	33.4
3.23811654653	6.78878048465	1.39295698204	33.5
3.24466914009	6.82523680551	1.42905068157	33.6
3.24989785775	6.86187745492	1.45472288742	33.7
3.25418344327	6.89863281956	1.46979315084	33.8
3.25791418377	6.93544399172	1.47551018317	33.9
3.26143347578	6.97226607674	1.47438935897	34.0
3.26499215651	7.00906475236	1.47009599216	34.1
3.26870879416	7.04584781015	1.46580262534	34.2
3.26870879416	7.04584781015	1.62288225802	34.2
3.26870879416	7.04584781015	1.7799618907	34.2
3.26870879416	7.04584781015	1.93704152338	34.2
3.26870879416	7.04584781015	2.09412115606	34.2
3.26870879416	7.04584781015	2.25120078874	34.2
3.26870879416	7.04584781015	2.40828042142	34.2
3.26870879416	7.04584781015	2.5653600541	34.2
3.26870879416	7.04584781015	2.72243968678	34.2
3.26870879416	7.04584781015	2.87951931946	34.2
3.26870879416	7.04584781015	3.03659895214	34.2
3.26870879416	7.04584781015	-3.08950672236	34.2
3.26870879416	7.04584781015	-2.93242708968	34.2
3.26870879416	7.04584781015	-2.775347457	34.2
3.26870879416	7.04584781015	-2.61826782432	34.2
3.26870879416	7.04584781015	-2.46118819164	34.2
3.26870879416	7.04584781015	-2.30410855896	34.2
3.26870879416	7.04584781015	-2.14702892628	34.2
3.26870879416	7.04584781015	-1.9899492936	34.2
3.26870879416	7.04584781015	-1.83286966092	34.2
3.26870879416	7.04584781015	-1.67579002825	34.2
3.26870879416	7.04584781015	-1.51871039557	34.2
3.26870879416	7.04584781015	-1.36163076289	34.2
3.26870879416	7.04584781015	-1.20455113021	34.2
3.26870879416	7.04584781015	-1.04747149753	34.2
3.26870879416	7.04584781015	-0.890391864848	34.2
3.26870879416	7.04584781015	-0.733312232168	34.2
3.26870879416	7.04584781015	-0.576232599489	34.2
3.26870879416	7.04584781015	-0.419152966809	34.2
3.26870879416	7.04584781015	-0.26207333413	34.2
3.26870879416	7.04584781015	-0.10499370145	34.2
3.26870879416	7.04584781015	0.0520859312294	34.2
3.26870879416	7.04584781015	0.209165563909	34.2
3.30483771487	7.05351690537	0.206418672437	34.2
3.31265387162	7.05515361842	0.363498305116	34.3
3.32481643736	7.05978028368	0.520577937796	34.4
3.33985071386	7.06839987769	0.677657570475	34.5
3.35599383618	7.08139177328	0.834737203155	34.6
3.37151139466	7.09852142195	0.991816835834	34.7
3.38415823882	7.11786765718	1.14889646851	34.8
3.38973805845	7.13029893607	1.30597610119	34.9
3.39522820797	7.15054363036	1.46305573387	35.0
3.3982424994	7.17841259765	1.62013536655	35.1
3.3965375862	7.21293960776	1.77721499923	35.2
3.38826196888	7.25245998794	1.93429463191	35.3
3.37216821173	7.29476721539	2.09137426459	35.4
3.34776469628	7.33733177218	2.24845389727	35.5
3.31538950793	7.37755966827	2.40553352995	35.6
3.2761972346	7.41306351339	2.56261316263	35.7
3.23205867905	7.4419173667	2.61066759486	35.8
3.18770406434	7.46796063634	2.61491299355	35.9
3.14436459026	7.49316104305	2.60565605636	36.0
3.10228135176	7.51815510179	2.5922387634	36.1
3.06145722676	7.54314830814	2.57773482535	36.2
3.02182926908	7.56820652409	2.56322494921	36.3
2.98331741347	7.5933485264	2.54911495651	36.4
2.9458398343	7.61857656169	2.53556730544	36.5
2.90931795631	7.64388691708	2.52265021123	36.6
2.8731260523	7.66966690439	2.50973311702	36.7
2.8731260523	7.66966690439	2.6668127497	36.7
2.8731260523	7.66966690439	2.82389238238	36.7
2.8731260523	7.66966690439	2.98097201506	36.7
2.8731260523	7.66966690439	3.13805164774	36.7
2.8731260523	7.66966690439	-2.98805402676	36.7
2.8731260523	7.66966690439	-2.83097439409	36.7
2.8731260523	7.66966690439	-2.67389476141	36.7
2.8731260523	7.66966690439	-2.51681512873	36.7
2.8731260523	7.66966690439	-2.35973549605	36.7
2.8731260523	7.66966690439	-2.20265586337	36.7
2.8731260523	7.66966690439	-2.04557623069	36.7
2.8731260523	7.66966690439	-1.88849659801	36.7
2.8731260523	7.66966690439	-1.73141696533	36.7
2.8731260523	7.66966690439	-1.57433733265	36.7
2.8731260523	7.66966690439	-1.41725769997	36.7
2.8731260523	7.66966690439	-1.26017806729	36.7
2.8731260523	7.66966690439	-1.10309843461	36.7
2.8731260523	7.66966690439	-0.946018801931	36.7
2.8731260523	7.66966690439	-0.788939169252	36.7
2.8731260523	7.66966690439	-0.631859536572	36.7
2.8731260523	7.66966690439	-0.474779903893	36.7
2.8731260523	7.66966690439	-0.317700271213	36.7
2.8731260523	7.66966690439	-0.160620638534	36.7
2.8731260523	7.66966690439	-0.00354100585447	36.7
2.8731260523	7.66966690439	0.153538626825	36.7
2.8731260523	7.66966690439	0.310618259505	36.7
2.8731260523	7.66966690439	0.467697892184	36.7
2.8731260523	7.66966690439	0.624777524863	36.7
2.8731260523	7.66966690439	0.781857157543	36.7
2.8731260523	7.66966690439	0.938936790222	36.7
2.8731260523	7.66966690439	1.0960164229	36.7
2.8731260523	7.66966690439	1.25309605558	36.7
2.88679506931	7.71123440227	1.24083769519	36.7
2.89005409627	7.72075040273	1.39791732787	36.8
2.89301360118	7.73769845483	1.55499696055	36.9
2.89339461475	7.76181219822	1.71207659323	37.0
2.8890914938	7.79206732604	1.8691562259	37.1
2.87841770873	7.82677429406	2.02623585858	37.2
2.86030866263	7.8637480099	2.18331549126	37.3
2.83445843227	7.9005363145	2.34039512394	37.4
2.80137452786	7.93468250012	2.49747475662	37.5
2.76234370551	7.96399324952	2.63995701801	37.6
2.71967857178	7.98739201101	2.67826442923	37.7
2.67709994316	8.00866432933	2.67889630631	37.8
2.63544639504	8.02944159764	2.6659534765	37.9
2.59490540283	8.05032347635	2.64826136418	38.0
2.5554861805	8.07151820003	2.62920926581	38.1
2.5171413313	8.09308687118	2.61016113984	38.2
2.47980542577	8.11503446884	2.59168837494	38.3
2.44340890078	8.13734457481	2.57403637683	38.4
2.40788335505	8.15999304213	2.55730889189	38.5
2.37316355225	8.18295353473	2.54154390495	38.6
2.33918809955	8.20619982404	2.52674631024	38.7
2.30589958197	8.22970674902	2.51290275447	38.8
2.27324447486	8.25345060662	2.49998888169	38.9
2.24520680166	8.27439585935	2.58342817693	39.0
2.21852440546	8.29105622658	2.71004865147	39.1
2.18900958063	8.30464754092	2.7685812572	39.2
2.15875022037	8.31648898623	2.82711386293	39.3
2.15875022037	8.31648898623	2.98419349561	39.3
2.15875022037	8.31648898623	3.14127312829	39.3
2.15875022037	8.31648898623	-2.98483254622	39.3
2.15875022037	8.31648898623	-2.82775291354	39.3
2.15875022037	8.31648898623	-2.67067328086	39.3
2.15875022037	8.31648898623	-2.51359364818	39.3
2.15875022037	8.31648898623	-2.3565140155	39.3
2.15875022037	8.31648898623	-2.19943438282	39.3
2.15875022037	8.31648898623	-2.04235475014	39.3
2.15875022037	8.31648898623	-1.88527511746	39.3
2.15875022037	8.31648898623	-1.72819548478	39.3
2.15875022037	8.31648898623	-1.5711158521	39.3
2.15875022037	8.31648898623	-1.41403621942	39.3
2.15875022037	8.31648898623	-1.25695658674	39.3
2.15875022037	8.31648898623	-1.09987695406	39.3
2.15875022037	8.31648898623	-0.942797321382	39.3
2.15875022037	8.31648898623	-0.785717688702	39.3
2.15875022037	8.31648898623	-0.628638056023	39.3
2.15875022037	8.31648898623	-0.471558423343	39.3
2.15875022037	8.31648898623	-0.314478790664	39.3
2.15875022037	8.31648898623	-0.157399157984	39.3
2.15875022037	8.31648898623	-0.00031952530473	39.3
2.15875022037	8.31648898623	0.156760107375	39.3
2.15875022037	8.31648898623	0.313839740054	39.3
2.15875022037	8.31648898623	0.470919372734	39.3
2.15875022037	8.31648898623	0.627999005413	39.3
2.15875022037	8.31648898623	0.785078638093	39.3
2.15875022037	8.31648898623	0.942158270772	39.3
2.15875022037	8.31648898623	1.09923790345	39.3
2.15875022037	8.31648898623	1.25631753613	39.3
2.15875022037	8.31648898623	1.41339716881	39.3
2.15875022037	8.31648898623	1.57047680149	39.3
2.15875963354	8.34594884489	1.71677644236	39.3
2.16547252731	8.30029097216	1.87385607504	39.4
2.16443042723	8.30362364518	2.03093570772	39.5
2.15942343369	8.31372608159	2.1880153404	39.6
2.19281582393	8.26667592172	2.34509497307	39.7
2.21839445696	8.24052307063	2.50217460575	39.8
2.2395453733	8.2247944104	2.59848146458	39.9
2.26099959138	8.21184321494	2.7072205507	40.0
2.28351911896	8.20139587934	2.86430018338	40.1
2.30599418003	8.19499891081	3.02137981606	40.2
2.32687428286	8.19247669305	-3.10472585844	40.3
2.34468618959	8.19313365863	-2.94764622576	40.4
2.35821232659	8.19579039972	-2.79056659308	40.5
2.36665120492	8.198880647	-2.6334869604	40.6
2.36973957568	8.20060048144	-2.47640732772	40.7
2.36781993628	8.19909462567	-2.31932769504	40.8
2.36184289529	8.19265979118	-2.16224806236	40.9
2.35330113665	8.17994241114	-2.00516842969	41.0
2.34409948727	8.16010799546	-1.84808879701	41.1
2.33637300934	8.1329618461	-1.69100916433	41.2
2.33227126947	8.09900571761	-1.53392953165	41.3
2.33373126724	8.0594216895	-1.37684989897	41.4
2.34226342762	8.0159823153	-1.21977026629	41.5
2.35877432861	7.97089418097	-1.06269063361	41.6
2.38344649051	7.92658946092	-0.905611000929	41.7
2.4156899233	7.88548607955	-0.748531368249	41.8
2.45417279408	7.84974099604	-0.663942986679	41.9
2.4947610187	7.81798305059	-0.643013834414	42.0
2.53502624644	7.78781477517	-0.64216150831	42.1
2.57439967761	7.75836703266	-0.647805148462	42.2
2.61276877944	7.72933133446	-0.655501920445	42.3
2.65015068497	7.70058754656	-0.663714216027	42.4
2.68660085319	7.67208083307	-0.671881213815	42.5
2.72218439804	7.64378050193	-0.679788553851	42.6
2.75696655832	7.61566567423	-0.687351525002	42.7
2.79100951872	7.58772003803	-0.694536932685	42.8
2.82437145196	7.55992980702	-0.701333666068	42.9
2.85710636201	7.53228285848	-0.707741085537	43.0
2.88926421671	7.50476832488	-0.713764177952	43.1
2.92089117889	7.47737636935	-0.7194113722	43.2
2.95202986337	7.45009804073	-0.724693436895	43.3
2.98271959176	7.4229251668	-0.729622836216	43.4
3.01299663494	7.39585026813	-0.734213291195	43.5
3.04289443994	7.36886648519	-0.738479442287	43.6
3.07244384073	7.34196751492	-0.742436569711	43.7
3.1016732537	7.3151475549	-0.746100353188	43.8
3.13060885866	7.28840125402	-0.749486663132	43.9
3.15927476668	7.26172366868	-0.752611379536	44.0
3.18769317561	7.23511022405	-0.755490236426	44.1
3.21588451437	7.20855667961	-0.758138690213	44.2
3.24386757691	7.18205909867	-0.760571810364	44.4
3.27389276945	7.15348891459	-0.764137651443	44.4
3.30129658308	7.12722624971	-0.76546815608	44.5
3.32866542986	7.10092714718	-0.766798660718	44.6
3.33408016521	7.09571017904	-0.609719028038	44.7
3.34585940167	7.08748237388	-0.452639395359	44.8
3.36475036437	7.07829542468	-0.295559762679	44.9
3.39078197747	7.07036937711	-0.13848013	45.0
3.42325192931	7.06584396938	0.0185995026799	45.1
3.46079358027	7.06654230595	0.175679135359	45.2
3.50151335334	7.07377043489	0.332758768039	45.3
3.54318318591	7.08817195516	0.489838400718	45.4
3.58346812821	7.10965110446	0.639654443752	45.5
3.62034674208	7.13708904567	0.691204348107	45.6
3.65522767953	7.16594823737	0.703085993571	45.7
3.68918514648	7.19472982218	0.699527465218	45.8
3.72271478035	7.22294436958	0.690330447945	45.9
3.75602259896	7.25045302381	0.679509128372	46.0
3.78918938932	7.27724680971	0.668694036201	46.1
3.82224427974	7.30336449331	0.658501827409	46.2
3.85519624613	7.32885966429	0.6491059946	46.3
3.88804754127	7.35378705281	0.640482953224	46.4
3.92079941285	7.37819685135	0.632521672847	46.5
3.95345449252	7.40213250445	0.625074026848	46.6
3.98601772351	7.42563003449	0.617978512186	46.7
4.01874686045	7.44889592209	0.610882997523	46.8
4.01874686045	7.44889592209	0.767962630203	46.8
4.01874686045	7.44889592209	0.925042262882	46.8
4.01874686045	7.44889592209	1.08212189556	46.8
4.01874686045	7.44889592209	1.23920152824	46.8
4.01874686045	7.44889592209	1.39628116092	46.8
4.01874686045	7.44889592209	1.5533607936	46.8
4.01874686045	7.44889592209	1.71044042628	46.8
4.01874686045	7.44889592209	1.86752005896	46.8
4.01874686045	7.44889592209	2.02459969164	46.8
4.01874686045	7.44889592209	2.18167932432	46.8
4.01874686045	7.44889592209	2.338758957	46.8
4.01874686045	7.44889592209	2.49583858968	46.8
4.01874686045	7.44889592209	2.65291822236	46.8
4.01874686045	7.44889592209	2.80999785504	46.8
4.01874686045	7.44889592209	2.96707748772	46.8
4.01874686045	7.44889592209	3.12415712039	46.8
4.01874686045	7.44889592209	-3.00194855411	46.8
4.01874686045	7.44889592209	-2.84486892143	46.8
4.01874686045	7.44889592209	-2.68778928875	46.8
4.01874686045	7.44889592209	-2.53070965607	46.8
4.01874686045	7.44889592209	-2.37363002339	46.8
4.01874686045	7.44889592209	-2.21655039071	46.8
4.01874686045	7.44889592209	-2.05947075803	46.8
4.01874686045	7.44889592209	-1.90239112535	46.8
4.01874686045	7.44889592209	-1.74531149267	46.8
4.01874686045	7.44889592209	-1.58823185999	46.8
4.01874686045	7.44889592209	-1.43115222731	46.8
4.01874686045	7.44889592209	-1.27407259463	46.8
4.01874686045	7.44889592209	-1.11699296195	46.8
4.01874686045	7.44889592209	-0.959913329272	46.8
4.01874686045	7.44889592209	-0.802833696592	46.8
4.01874686045	7.44889592209	-0.645754063913	46.8
4.05057204688	7.42491481009	-0.652661007019	46.8
4.05789921814	7.41931383426	-0.495581374339	46.9
4.07179560166	7.41180174227	-0.33850174166	47.0
4.09279972879	7.40440719658	-0.18142210898	47.1
4.12073152923	7.39928341198	-0.0243424763006	47.2
4.15467566459	7.39845696442	0.132737156379	47.3
4.19305083544	7.40358090404	0.289816789058	47.4
4.23376009455	7.41572094539	0.446896421738	47.5
4.27440781317	7.4352006739	0.603976054417	47.6
4.31256087831	7.46152589891	0.732164326853	47.7
4.34689558635	7.49238671688	0.76633913949	47.8
4.37944907732	7.52372239518	0.76219093493	47.9
4.41141796739	7.55424086639	0.741816046932	48.0
4.44333845701	7.58349360787	0.713964737716	48.1
4.47544635431	7.61131337088	0.682184311425	48.2
4.50784997096	7.63763419613	0.647918446927	48.3
4.54060305043	7.66242582339	0.611726374724	48.4
4.57373490231	7.68566754104	0.573783490336	48.5
4.60726272865	7.70733722751	0.534096919703	48.6
4.64119641887	7.72740675456	0.492604454034	48.7
4.67554004235	7.74584029048	0.44922489268	48.8
4.71029181785	7.76259410235	0.403888198282	48.9
4.74544334322	7.77761730252	0.356557500151	49.0
4.78097846998	7.79085334452	0.307247798146	49.1
4.81687205948	7.80224222132	0.256042743342	49.2
4.85308882062	7.81172335919	0.203108952452	49.3
4.8897564924	7.81927502185	0.150175161562	49.4
4.8897564924	7.81927502185	0.307254794242	49.4
4.8897564924	7.81927502185	0.464334426921	49.4
4.8897564924	7.81927502185	0.621414059601	49.4
4.8897564924	7.81927502185	0.77849369228	49.4
4.8897564924	7.81927502185	0.93557332496	49.4
4.8897564924	7.81927502185	1.09265295764	49.4
4.8897564924	7.81927502185	1.24973259032	49.4
4.8897564924	7.81927502185	1.406812223	49.4
4.8897564924	7.81927502185	1.56389185568	49.4
4.8897564924	7.81927502185	1.72097148836	49.4
4.8897564924	7.81927502185	1.87805112104	49.4
4.8897564924	7.81927502185	2.03513075372	49.4
4.8897564924	7.81927502185	2.1922103864	49.4
4.8897564924	7.81927502185	2.34929001908	49.4
4.8897564924	7.81927502185	2.50636965175	49.4
4.8897564924	7.81927502185	2.66344928443	49.4
4.8897564924	7.81927502185	2.82052891711	49.4
4.8897564924	7.81927502185	2.97760854979	49.4
4.8897564924	7.81927502185	3.13468818247	49.4
4.8897564924	7.81927502185	-2.99141749203	49.4
4.8897564924	7.81927502185	-2.83433785935	49.4
4.8897564924	7.81927502185	-2.67725822667	49.4
4.8897564924	7.81927502185	-2.52017859399	49.4
4.8897564924	7.81927502185	-2.36309896131	49.4
4.8897564924	7.81927502185	-2.20601932863	49.4
4.8897564924	7.81927502185	-2.04893969595	49.4
4.8897564924	7.81927502185	-1.89186006327	49.4
4.8897564924	7.81927502185	-1.73478043059	49.4
4.8897564924	7.81927502185	-1.57770079791	49.4
4.8897564924	7.81927502185	-1.42062116523	49.4
4.8897564924	7.81927502185	-1.26354153255	49.4
4.8897564924	7.81927502185	-1.10646189987	49.4
4.9064423393	7.78596055016	-1.16086468251	49.4
4.9105722278	7.77645672073	-1.00378504983	49.5
4.92013838965	7.76143353771	-0.846705417153	49.6
4.9365478776	7.74287773406	-0.689625784474	49.7
4.96036978599	7.72323163526	-0.532546151794	49.8
4.99122543624	7.70504709313	-0.375466519115	49.9
5.02781857616	7.69062334067	-0.218386886435	50.0
5.06809818044	7.68168423904	-0.0845273335606	50.1
5.10941435291	7.67818355186	-0.0522400115413	50.2
5.15003372665	7.67605966291	-0.0668999057856	50.3
5.18983562437	7.67339294012	-0.102487132458	50.4
5.22888830733	7.66937647029	-0.146685157547	50.5
5.267239363	7.66371024203	-0.193386978349	50.6
5.30491137591	7.65633276627	-0.239410551323	50.7
5.34191807531	7.64729972536	-0.283028547439	50.8
5.37827537457	7.6367257079	-0.323277856552	50.9
5.41400688222	7.62475453797	-0.359616649568	51.0
5.44914601872	7.61154344367	-0.391742688004	51.1
5.48373630037	7.59725442244	-0.419489480412	51.2
5.51783072121	7.58204966242	-0.442761587722	51.3
5.55149077573	7.56608945884	-0.461490397847	51.4
5.58478543893	7.54953181017	-0.475600832122	51.5
5.60524041497	7.5389968412	-0.558383728085	51.6
5.62641066285	7.52577178228	-0.598635400666	51.7
5.63247125073	7.52163764083	-0.755715033345	51.8
5.64704279963	7.50790645258	-0.788402069129	51.9
5.64785919706	7.5070851356	-0.945481701809	52.0
5.66178375037	7.48779806093	-0.905128743577	52.1
5.66578424101	7.48270336465	-1.06220837626	52.2
5.67481006537	7.46651372879	-1.07161848513	52.3
5.68059138579	7.45591038206	-1.22869811781	52.4
5.68616955072	7.44024575289	-1.09940285259	52.5
5.69321253531	7.42642839784	-1.25648248527	52.6
5.69727242542	7.41393990968	-1.2277501295	52.7
5.70319899121	7.39734669144	-1.32539570442	52.8
5.70747964476	7.38025473196	-1.42304127934	52.9
5.70747964476	7.38025473196	-1.42304127934	53.0
5.70747964476	7.38025473196	-1.42304127934	53.0
5.70747964476	7.38025473196	-1.42304127934	53.0
5.70747964476	7.38025473196	-1.42304127934	53.0
5.70747964476	7.38025473196	-1.42304127934	53.0
5.70747964476	7.38025473196	-1.42304127934	53.0
5.70747964476	7.38025473196	-1.42304127934	53.0
5.70747964476	7.38025473196	-1.42304127934	53.0
5.70747964476	7.38025473196	-1.42304127934	53.0
5.70747964476	7.38025473196	-1.42304127934	53.0
5.70747964476	7.38025473196	-1.42304127934	53.0
5.70747964476	7.38025473196	-1.42304127934	53.0
5.70747964476	7.38025473196	-1.42304127934	53.0
5.70747964476	7.38025473196	-1.42304127934	53.0
5.70747964476	7.38025473196	-1.42304127934	53.0
5.70747964476	7.38025473196	-1.42304127934	53.0
5.70747964476	7.38025473196	-1.42304127934	53.0
5.70747964476	7.38025473196	-1.42304127934	53.0
5.70747964476	7.38025473196	-1.42304127934	53.0
5.70747964476	7.38025473196	-1.42304127934	53.0
5.70747964476	7.38025473196	-1.42304127934	53.0
5.70747964476	7.38025473196	-1.42304127934	53.0
5.70747964476	7.38025473196	-1.42304127934	53.0
5.70747964476	7.38025473196	-1.42304127934	53.0
5.70747964476	7.38025473196	-1.42304127934	53.0
5.70747964476	7.38025473196	-1.42304127934	53.0
5.70747964476	7.38025473196	-1.42304127934	53.0
5.70747964476	7.38025473196	-1.42304127934	53.0
5.70747964476	7.38025473196	-1.42304127934	53.0
5.70747964476	7.38025473196	-1.42304127934	53.0
5.70747964476	7.38025473196	-1.42304127934	53.0
5.70747964476	7.38025473196	-1.42304127934	53.0
5.70747964476	7.38025473196	-1.42304127934	53.0
5.70747964476	7.38025473196	-1.42304127934	53.0
5.70747964476	7.38025473196	-1.42304127934	53.0
5.70747964476	7.38025473196	-1.42304127934	53.0
5.70747964476	7.38025473196	-1.42304127934	53.0
5.70747964476	7.38025473196	-1.42304127934	53.0
5.70747964476	7.38025473196	-1.42304127934	53.0
5.70747964476	7.38025473196	-1.42304127934	53.0
5.70747964476	7.38025473196	-1.42304127934	53.0
5.70747964476	7.38025473196	-1.42304127934	53.0
5.70747964476	7.38025473196	-1.42304127934	53.0
5.70747964476	7.38025473196	-1.42304127934	53.0
5.70747964476	7.38025473196	-1.42304127934	53.0
5.70747964476	7.38025473196	-1.42304127934	53.0
5.70747964476	7.38025473196	-1.42304127934	53.0
5.70747964476	7.38025473196	-1.42304127934	53.0
5.70747964476	7.38025473196	-1.42304127934	53.0
5.70747964476	7.38025473196	-1.42304127934	53.0
5.70747964476	7.38025473196	-1.42304127934	53.0
5.70747964476	7.38025473196	-1.42304127934	53.0
5.70747964476	7.38025473196	-1.42304127934	53.0
5.70747964476	7.38025473196	-1.42304127934	53.0
5.70747964476	7.38025473196	-1.42304127934	53.0
5.70747964476	7.38025473196	-1.42304127934	53.0
5.70747964476	7.38025473196	-1.42304127934	53.0
5.70747964476	7.38025473196	-1.42304127934	53.0
5.70747964476	7.38025473196	-1.42304127934	53.0
5.70747964476	7.38025473196	-1.42304127934	53.0
5.70747964476	7.38025473196	-1.42304127934	53.0
5.70747964476	7.38025473196	-1.42304127934	53.0
5.70747964476	7.38025473196	-1.42304127934	53.0
5.70747964476	7.38025473196	-1.42304127934	53.0
5.70747964476	7.38025473196	-1.42304127934	53.0
5.70747964476	7.38025473196	-1.42304127934	53.0
5.70747964476	7.38025473196	-1.42304127934	53.0
5.70747964476	7.38025473196	-1.42304127934	53.0
5.70747964476	7.38025473196	-1.42304127934	53.0
5.70747964476	7.38025473196	-1.42304127934	53.0
5.70747964476	7.38025473196	-1.42304127934	53.0
5.70747964476	7.38025473196	-1.42304127934	53.0
5.70747964476	7.38025473196	-1.42304127934	53.0
5.70747964476	7.38025473196	-1.42304127934	53.0
5.70747964476	7.38025473196	-1.42304127934	53.0
5.70747964476	7.38025473196	-1.42304127934	53.0
5.70747964476	7.38025473196	-1.42304127934	53.0
5.70747964476	7.38025473196	-1.42304127934	53.0
5.70747964476	7.38025473196	-1.42304127934	53.0
5.70747964476	7.38025473196	-1.42304127934	53.0
5.70747964476	7.38025473196	-1.42304127934	53.0
5.70747964476	7.38025473196	-1.42304127934	53.0
5.70747964476	7.38025473196	-1.42304127934	53.0
5.70747964476	7.38025473196	-1.42304127934	53.0
5.70747964476	7.38025473196	-1.42304127934	53.0
5.70747964476	7.38025473196	-1.42304127934	53.0
5.70747964476	7.38025473196	-1.42304127934	53.0
5.70747964476	7.38025473196	-1.42304127934	53.0
5.70747964476	7.38025473196	-1.42304127934	53.0
5.70747964476	7.38025473196	-1.42304127934	53.0
5.70747964476	7.38025473196	-1.42304127934	53.0
5.70747964476	7.38025473196	-1.42304127934	53.0
5.70747964476	7.38025473196	-1.42304127934	53.0
5.70747964476	7.38025473196	-1.42304127934	53.0
5.70747964476	7.38025473196	-1.42304127934	53.0
5.70747964476	7.38025473196	-1.42304127934	53.0
5.70747964476	7.38025473196	-1.42304127934	53.0
5.70747964476	7.38025473196	-1.42304127934	53.0
5.70747964476	7.38025473196	-1.42304127934	53.0
5.70747964476	7.38025473196	-1.42304127934	53.0
5.70747964476	7.38025473196	-1.42304127934	53.0
5.70747964476	7.38025473196	-1.42304127934	53.0
5.70747964476	7.38025473196	-1.42304127934	53.0
5.70747964476	7.38025473196	-1.42304127934	53.0
5.70747964476	7.38025473196	-1.42304127934	53.0
5.70747964476	7.38025473196	-1.42304127934	53.0
5.70747964476	7.38025473196	-1.42304127934	53.0
5.70747964476	7.38025473196	-1.42304127934	53.0
5.70747964476	7.38025473196	-1.42304127934	53.0
5.70747964476	7.38025473196	-1.42304127934	53.0
5.70747964476	7.38025473196	-1.42304127934	53.0
5.70747964476	7.38025473196	-1.42304127934	53.0
5.70747964476	7.38025473196	-1.42304127934	53.0
5.70747964476	7.38025473196	-1.42304127934	53.0
5.70747964476	7.38025473196	-1.42304127934	53.0
5.71388618367	7.33721153675	-1.58012091202	53.1
5.71346001163	7.29150873243	-1.60645317528	53.2
5.71208708195	7.25302109724	-1.46928530483	53.3
5.71647286983	7.20996456001	-1.3729038207	53.4
5.72691064375	7.15791021852	-1.52998345338	53.5
5.7297718876	7.0878427426	-1.68706308606	53.6
5.72489057683	7.04604837396	-1.52998345338	53.7
5.72651673098	7.00622635173	-1.3729038207	53.8
5.73540683057	6.9618904345	-1.21582418802	53.9
5.75172172711	6.91787623039	-1.05874455534	54.0
5.77321851472	6.87962949898	-0.901664922665	54.1
5.80029412076	6.84539304229	-0.846605808036	54.2
5.82507476078	6.81737678705	-0.788662584482	54.3
5.85027504684	6.79201143285	-0.80243610443	54.4
5.87403747028	6.76742516759	-0.850530425237	54.5
5.89589799672	6.74251397845	-0.914086316294	54.6
5.91580835233	6.71668477389	-0.982138266261	54.7
5.93385836582	6.68964816667	-1.04730304804	54.8
5.95021227486	6.6613154629	-1.10420251932	54.9
5.96492847162	6.63209858428	-1.1611019906	55.0
5.96492847162	6.63209858428	-1.00402235792	55.0
5.96492847162	6.63209858428	-0.846942725243	55.0
5.96492847162	6.63209858428	-0.689863092564	55.0
5.96492847162	6.63209858428	-0.532783459884	55.0
5.96492847162	6.63209858428	-0.375703827205	55.0
5.96492847162	6.63209858428	-0.218624194525	55.0
5.96492847162	6.63209858428	-0.0615445618459	55.0
5.96492847162	6.63209858428	0.0955350708336	55.0
5.96492847162	6.63209858428	0.252614703513	55.0
5.96492847162	6.63209858428	0.409694336193	55.0
5.96492847162	6.63209858428	0.566773968872	55.0
5.96492847162	6.63209858428	0.723853601552	55.0
5.96492847162	6.63209858428	0.880933234231	55.0
5.96492847162	6.63209858428	1.03801286691	55.0
5.96492847162	6.63209858428	1.19509249959	55.0
5.96492847162	6.63209858428	1.35217213227	55.0
5.96492847162	6.63209858428	1.50925176495	55.0
5.96492847162	6.63209858428	1.66633139763	55.0
5.96492847162	6.63209858428	1.82341103031	55.0
5.96492847162	6.63209858428	1.98049066299	55.0
5.96492847162	6.63209858428	2.13757029567	55.0
5.96492847162	6.63209858428	2.29464992835	55.0
5.96492847162	6.63209858428	2.45172956103	55.0
5.96492847162	6.63209858428	2.60880919371	55.0
5.96492847162	6.63209858428	2.76588882638	55.0
5.96492847162	6.63209858428	2.92296845906	55.0
5.96492847162	6.63209858428	3.08004809174	55.0
5.96492847162	6.63209858428	-3.04605758276	55.0
5.96492847162	6.63209858428	-2.88897795008	55.0
5.96492847162	6.63209858428	-2.7318983174	55.0
5.96492847162	6.63209858428	-2.57481868472	55.0
5.96492847162	6.63209858428	-2.41773905204	55.0
5.94011454809	6.61016533312	-2.4625108609	55.0
5.93392044272	6.60516579908	-2.30543122822	55.1
5.92490423493	6.59518438057	-2.14835159554	55.2
5.91462913359	6.57941728201	-1.99127196286	55.3
5.90482802148	6.55749787673	-1.83419233018	55.4
5.89728580579	6.52952864561	-1.67711269751	55.5
5.89371783861	6.49609528162	-1.52003306483	55.6
5.89564010183	6.45826060177	-1.36295343215	55.7
5.90423001096	6.4175285836	-1.20587379947	55.8
5.92018491928	6.37576544588	-1.04879416679	55.9
5.9435947886	6.33506844185	-0.891714534108	56.0
5.95735812941	6.31801653612	-0.852052284129	56.1
5.9772171938	6.29531652553	-0.820217926962	56.2
5.96108725711	6.31261075434	-0.950066305057	56.3
5.97955161215	6.28678690306	-0.911506598054	56.4
5.96907814367	6.30030162366	-1.06858623073	56.5
5.98403533315	6.27306591255	-1.07606281701	56.6
5.96673655343	6.3051313426	-1.1090318716	56.7
5.97993067497	6.27861839691	-0.951952238922	56.8
5.96561685678	6.29871740498	-0.894660997825	56.9
5.98981071	6.26856138555	-0.737581365145	57.0
6.02222576868	6.2391069832	-0.580501732466	57.1
5.96482565571	6.27675490128	-0.546693741404	57.2
5.97318853543	6.27166554266	-0.389614108725	57.3
6.01556050317	6.25426744776	-0.375445319522	57.4
5.92252606103	6.29093613436	-0.218365686842	57.5
6.00308880721	6.27305893802	-0.375445319522	57.6
5.98039276142	6.28200437984	-0.218365686842	57.7
6.02985409497	6.27102871164	-0.30763903356	57.8
5.99715473825	6.2814181554	-0.150559400881	57.9
6.03989150961	6.27493466901	-0.180723281866	58.0
6.04659618214	6.2737096123	-0.023643649186	58.1
6.07355005425	6.27307220562	0.133435983493	58.2
6.128492613	6.28044734387	0.290515616173	58.3
6.19966116374	6.30172491898	0.447595248852	58.4
6.28010105535	6.34034351731	0.290515616173	58.5
6.36305273834	6.36514394737	0.195208567333	58.6
6.44379413952	6.38110866353	0.0381289346537	58.7
6.52926402248	6.3843691193	-0.118950698026	58.8
6.60909163688	6.37482852888	-0.276030330705	58.9
6.69031045144	6.3518223825	-0.433109963385	59.0
6.76822645977	6.31579476013	-0.590189596064	59.1
6.83856053126	6.26868286979	-0.747269228744	59.2
6.89791495475	6.21369048246	-0.713038553495	59.3
6.95583095767	6.16360322186	-0.682763390123	59.4
7.01213764492	6.11781225408	-0.650664791536	59.5
7.06698147594	6.0760621732	-0.617295588405	59.6
7.12047885134	6.03808791157	-0.582901546586	59.7
7.17273586889	6.00363363803	-0.547769921848	59.8
7.22384953458	5.97245220438	-0.51222194672	59.9
7.27390873988	5.94430493921	-0.476605253327	60.0
7.32299496042	5.91896154703	-0.441284712925	60.1
7.37118274963	5.89620000011	-0.406631972213	60.2
7.41854011842	5.87580636474	-0.373014144244	60.3
7.46512888704	5.85757455752	-0.340782210579	60.4
7.51100507211	5.84130607276	-0.310259736204	60.5
7.55621933989	5.82680974928	-0.281732475083	60.6
7.60081752389	5.81390165266	-0.255439349972	60.7
7.6448411792	5.80240513791	-0.231565140084	60.8
7.68832813324	5.79215113528	-0.210235032852	60.9
7.73131299233	5.78297867499	-0.191511024668	61.0
7.77382757437	5.77473564142	-0.175390018705	61.1
7.81590125533	5.7672797284	-0.161803382734	61.2
7.85756123495	5.76047955533	-0.150617698405	61.3
7.89883274247	5.75421589895	-0.141636444607	61.4
7.93973921218	5.74838299536	-0.134602391908	61.5
7.98030246038	5.74288987053	-0.12920052055	61.6
8.02054289054	5.73766166248	-0.125061293307	61.7
8.060479742	5.73264090543	-0.121764107209	61.8
8.10013138218	5.72778875499	-0.118840717225	61.9
8.13951562353	5.72308614413	-0.115778385463	62.0
8.1786500262	5.71853487192	-0.112022487858	62.1
8.21755212639	5.71415864071	-0.106978343604	62.2
8.25623950901	5.71000406768	-0.100012166627	62.3
8.29472962152	5.70614170185	-0.0904513299991	62.4
8.33303920357	5.70266706819	-0.0775846547072	62.5
8.37118318434	5.69970172839	-0.0606642717025	62.6
8.40917288103	5.69739427983	-0.0389118547319	62.7
8.44701332486	5.69592109437	-0.0115337280981	62.8
8.48469956629	5.69548641223	0.0222486242495	62.9
8.5222118987	5.69632114776	0.0631444113292	63.0
8.52396772517	5.69643216597	0.220224044009	63.1
8.53107122051	5.69802231666	0.377303676688	63.2
8.54323870507	5.70284416434	0.534383309368	63.3
8.55958265652	5.71251684668	0.691462942047	63.4
8.57867722005	5.72832329866	0.848542574727	63.5
8.59869016404	5.75103783587	1.00562220741	63.6
8.61756804544	5.78080517833	1.16270184009	63.7
8.63325493149	5.81708654149	1.31978147277	63.8
8.64392074537	5.85868111207	1.47686110544	63.9
8.64817366252	5.90382286753	1.63394073812	64.0
8.64523218924	5.95034421049	1.76597662534	64.1
8.63619244772	5.99606941067	1.81027402357	64.2
8.62532052041	6.04059670919	1.81956750943	64.3
8.61423488128	6.08423522022	1.81496242355	64.4
8.60353116889	6.12719840905	1.80487879579	64.5
8.59341898354	6.16960572573	1.79277602597	64.6
8.58395693866	6.21152900937	1.78011761078	64.7
8.57514335907	6.25301775978	1.76753676019	64.8
8.56695280508	6.29411050027	1.7553100386	64.9
8.55935124147	6.33483972979	1.74355599787	65.0
8.55230245231	6.37523413065	1.73232098251	65.1
8.54577075522	6.415319612	1.72161727978	65.2
8.53972211275	6.4551198514	1.71144059657	65.3
8.53412453686	6.49465661275	1.70177833882	65.4
8.52894817897	6.53394995946	1.69261369527	65.5
8.52416528055	6.57301841481	1.68392775532	65.6
8.51975006404	6.61187909306	1.67570067614	65.7
8.51567860086	6.65054781231	1.66791237061	65.8
8.51192867348	6.68903919473	1.6605429402	65.9
8.50847963955	6.72736675714	1.65357296182	66.0
8.50531230166	6.76554299383	1.64698368378	66.1
8.50240878439	6.80357945258	1.64075715986	66.2
8.49975241915	6.84148680498	1.63487633807	66.3
8.49732763703	6.87927491151	1.62932511445	66.5
8.49511986953	6.91695288191	1.62408835894	66.5
8.49311545694	6.9545291313	1.61915191866	66.6
8.49130156409	6.99201143234	1.61450260292	66.7
8.48966610316	7.02940696371	1.61012815355	66.8
8.48819766334	7.06672235527	1.60601720362	66.9
8.48688544682	7.10396372997	1.60215922736	67.0
8.48571921091	7.14113674285	1.59854448339	67.1
8.48468921594	7.17824661715	1.59516395337	67.2
8.4837861786	7.21529817792	1.59200927773	67.3
8.48300123035	7.25229588304	1.58907268985	67.4
8.48232588066	7.28924385194	1.58634694984	67.5
8.48175198469	7.32614589217	1.58382527893	67.6
8.48127171513	7.36300552386	1.5815012951	67.7
8.48087753802	7.39982600223	1.5793689506	67.8
8.48056219202	7.43661033834	1.57742247185	67.9
8.48031867113	7.47336131806	1.57565630187	68.0
8.48014021046	7.51008151956	1.57406504555	68.1
8.48002027483	7.54677332923	1.57264341797	68.2
8.47995255	7.58343895626	1.57138619552	68.3
8.47993093633	7.620080446	1.57028817025	68.4
8.47994954464	7.65669969209	1.56934410694	68.5
8.48000269411	7.69329844756	1.5685487032	68.6
8.48008491207	7.72987833497	1.56789655229	68.7
8.48019093543	7.76644085565	1.5673821085	68.8
8.48031571379	7.8029873981	1.56699965519	68.9
8.48045441389	7.83951924577	1.56674327511	69.0
8.48060242541	7.87603758411	1.56660682296	69.1
8.48075536801	7.91254350712	1.56658390014	69.2
8.48090909939	7.94903802336	1.56666783137	69.3
8.48105972443	7.98552206156	1.56685164326	69.4
8.4812036052	8.02199647587	1.56712804452	69.5
8.48133737182	8.05846205073	1.56748940784	69.6
8.48145793411	8.09491950557	1.56792775325	69.7
8.48156249388	8.1313694992	1.56843473293	69.8
8.48164855793	8.16781263407	1.56900161724	69.9
8.48171395152	8.20424946039	1.56961928207	70.0
8.48175683935	8.24068632015	1.57023694689	70.0
