11.4	0.46	2.00800130442	0
11.4	0.46	2.00800130442	0
11.4	0.46	2.00800130442	0
11.4	0.46	2.00800130442	0
11.4	0.46	2.00800130442	0
11.4	0.46	2.00800130442	0
11.4	0.46	2.00800130442	0.1
11.4	0.46	2.15080097049	0.1
11.4	0.46	2.29360063656	0.1
11.4	0.46	2.43640030264	0.1
11.4	0.46	2.57919996871	0.1
11.4	0.46	2.72199963478	0.1
11.4	0.46	2.86479930085	0.1
11.4	0.46	3.00759896693	0.1
11.4	0.46	-3.13278667418	0.1
11.4	0.46	-2.98998700811	0.1
11.4	0.46	-2.84718734204	0.1
11.4	0.46	-2.70438767597	0.1
11.4	0.46	-2.56158800989	0.1
11.4	0.46	-2.41878834382	0.1
11.4	0.46	-2.27598867775	0.1
11.4	0.46	-2.13318901168	0.1
11.4	0.46	-1.9903893456	0.1
11.4	0.46	-1.84758967953	0.1
11.4	0.46	-1.70479001346	0.1
11.4	0.46	-1.56199034739	0.1
11.4	0.46	-1.41919068131	0.1
11.4	0.46	-1.27639101524	0.1
11.4	0.46	-1.13359134917	0.1
11.4	0.46	-0.990791683098	0.1
11.4	0.46	-0.847992017026	0.1
11.4	0.46	-0.705192350954	0.1
11.4	0.46	-0.562392684881	0.1
11.4	0.46	-0.419593018809	0.1
11.4	0.46	-0.276793352737	0.1
11.4	0.46	-0.133993686664	0.1
11.4	0.46	0.00880597940779	0.1
11.4	0.46	0.15160564548	0.1
11.4	0.46	0.294405311552	0.1
11.4	0.46	0.437204977625	0.1
11.4	0.46	0.580004643697	0.1
11.4	0.46	0.722804309769	0.1
11.4	0.46	0.865603975841	0.1
11.4	0.46	1.00840364191	0.1
11.4	0.46	1.15120330799	0.1
11.4	0.46	1.29400297406	0.1
11.4	0.46	1.43680264013	0.1
11.4	0.46	1.5796023062	0.1
11.4	0.46	1.72240197227	0.1
11.4	0.46	1.86520163835	0.1
11.4	0.46	2.00800130442	0.1
11.37643574	0.510418799304	2.1650809371	0.1
11.3454869945	0.556215942252	2.32216056978	0.2
11.3124017077	0.591633551735	2.41393952033	0.3
11.2770059831	0.623160522269	2.41043923151	0.4
11.2415699622	0.65494652133	2.40602138292	0.5
11.2061355269	0.687014723643	2.40152148529	0.6
11.1707175689	0.719359112869	2.39725882175	0.7
11.1353198686	0.751962810484	2.39333745674	0.8
11.0999418317	0.78480575204	2.38977440236	0.9
11.0645813144	0.817867782199	2.386553428	1.0
11.0292357827	0.851129820814	2.38364723994	1.1
10.9939027656	0.884574233786	2.38102636347	1.2
10.9585800163	0.918184885763	2.37866250956	1.3
10.9232655527	0.951947072573	2.37652969511	1.4
10.8879576535	0.985847414014	2.37460447405	1.5
10.8527150853	1.0198156681	2.372679253	1.6
10.8527150853	1.0198156681	2.51547891907	1.6
10.8527150853	1.0198156681	2.65827858514	1.6
10.8527150853	1.0198156681	2.80107825121	1.6
10.8527150853	1.0198156681	2.94387791729	1.6
10.8527150853	1.0198156681	3.08667758336	1.6
10.8527150853	1.0198156681	-3.05370805775	1.6
10.8527150853	1.0198156681	-2.91090839168	1.6
10.8527150853	1.0198156681	-2.7681087256	1.6
10.8527150853	1.0198156681	-2.62530905953	1.6
10.8527150853	1.0198156681	-2.48250939346	1.6
10.8527150853	1.0198156681	-2.33970972739	1.6
10.8527150853	1.0198156681	-2.19691006131	1.6
10.8527150853	1.0198156681	-2.05411039524	1.6
10.8527150853	1.0198156681	-1.91131072917	1.6
10.8527150853	1.0198156681	-1.7685110631	1.6
10.8527150853	1.0198156681	-1.62571139703	1.6
10.8527150853	1.0198156681	-1.48291173095	1.6
10.8527150853	1.0198156681	-1.34011206488	1.6
10.8527150853	1.0198156681	-1.19731239881	1.6
10.8527150853	1.0198156681	-1.05451273274	1.6
10.8527150853	1.0198156681	-0.911713066665	1.6
10.8527150853	1.0198156681	-0.768913400592	1.6
10.8527150853	1.0198156681	-0.62611373452	1.6
10.8527150853	1.0198156681	-0.483314068448	1.6
10.8527150853	1.0198156681	-0.340514402375	1.6
10.8527150853	1.0198156681	-0.197714736303	1.6
10.8527150853	1.0198156681	-0.054915070231	1.6
10.8527150853	1.0198156681	0.0878845958413	1.6
10.8527150853	1.0198156681	0.230684261914	1.6
10.8527150853	1.0198156681	0.373483927986	1.6
10.8527150853	1.0198156681	0.516283594058	1.6
10.8527150853	1.0198156681	0.65908326013	1.6
10.8527150853	1.0198156681	0.801882926203	1.6
10.8527150853	1.0198156681	0.944682592275	1.6
10.8527150853	1.0198156681	1.08748225835	1.6
10.8527150853	1.0198156681	1.23028192442	1.6
10.8527150853	1.0198156681	1.37308159049	1.6
10.8527150853	1.0198156681	1.51588125656	1.6
10.8527150853	1.0198156681	1.65868092264	1.6
10.8527150853	1.0198156681	1.80148058871	1.6
10.8527150853	1.0198156681	1.94428025478	1.6
10.8527150853	1.0198156681	2.08707992085	1.6
10.8527150853	1.0198156681	2.22987958693	1.6
10.8527150853	1.0198156681	2.372679253	1.6
10.8174778413	1.05390989569	2.37094061503	1.6
10.78505397	1.08539134294	2.37062334055	1.7
10.7523645518	1.11715077372	2.3696700381	1.8
10.7194520996	1.14918794125	2.36851776713	1.9
10.6863437299	1.18149019691	2.36735690473	2.0
10.6530588577	1.21404016278	2.36626393107	2.1
10.6196128633	1.24681928483	2.36526432645	2.2
10.5860188276	1.27980939662	2.36436169755	2.3
10.5522883571	1.31299335097	2.36355094029	2.4
10.5184319832	1.34635522827	2.36282401501	2.5
10.4844593674	1.37988035954	2.36217237524	2.6
10.4505086051	1.4134276216	2.36152073546	2.7
10.4505086051	1.4134276216	2.50432040154	2.7
10.4505086051	1.4134276216	2.64712006761	2.7
10.4505086051	1.4134276216	2.78991973368	2.7
10.4505086051	1.4134276216	2.93271939975	2.7
10.4505086051	1.4134276216	3.07551906582	2.7
10.4505086051	1.4134276216	-3.06486657528	2.7
10.4505086051	1.4134276216	-2.92206690921	2.7
10.4505086051	1.4134276216	-2.77926724314	2.7
10.4505086051	1.4134276216	-2.63646757707	2.7
10.4505086051	1.4134276216	-2.49366791099	2.7
10.4505086051	1.4134276216	-2.35086824492	2.7
10.4505086051	1.4134276216	-2.20806857885	2.7
10.4505086051	1.4134276216	-2.06526891278	2.7
10.4505086051	1.4134276216	-1.9224692467	2.7
10.4505086051	1.4134276216	-1.77966958063	2.7
10.4505086051	1.4134276216	-1.63686991456	2.7
10.4505086051	1.4134276216	-1.49407024849	2.7
10.4505086051	1.4134276216	-1.35127058242	2.7
10.4505086051	1.4134276216	-1.20847091634	2.7
10.4505086051	1.4134276216	-1.06567125027	2.7
10.4505086051	1.4134276216	-0.922871584199	2.7
10.4505086051	1.4134276216	-0.780071918127	2.7
10.4505086051	1.4134276216	-0.637272252055	2.7
10.4505086051	1.4134276216	-0.494472585982	2.7
10.4505086051	1.4134276216	-0.35167291991	2.7
10.4505086051	1.4134276216	-0.208873253838	2.7
10.4505086051	1.4134276216	-0.0660735877655	2.7
10.4505086051	1.4134276216	0.0767260783067	2.7
10.4505086051	1.4134276216	0.219525744379	2.7
10.4505086051	1.4134276216	0.362325410451	2.7
10.4505086051	1.4134276216	0.505125076524	2.7
10.4505086051	1.4134276216	0.647924742596	2.7
10.4505086051	1.4134276216	0.790724408668	2.7
10.4505086051	1.4134276216	0.93352407474	2.7
10.4505086051	1.4134276216	1.07632374081	2.7
10.4505086051	1.4134276216	1.21912340688	2.7
10.4505086051	1.4134276216	1.36192307296	2.7
10.4505086051	1.4134276216	1.50472273903	2.7
10.4505086051	1.4134276216	1.6475224051	2.7
10.4505086051	1.4134276216	1.79032207117	2.7
10.4505086051	1.4134276216	1.93312173725	2.7
10.4505086051	1.4134276216	2.07592140332	2.7
10.4505086051	1.4134276216	2.21872106939	2.7
10.4505086051	1.4134276216	2.36152073546	2.7
10.4164506067	1.44712473617	2.36093627645	2.7
10.3850063265	1.4782722174	2.36082746618	2.8
10.3532392363	1.50974631068	2.36051720999	2.9
10.3211818945	1.54152769384	2.36014228955	3.0
10.3225718812	1.5401486388	2.51722192223	3.1
10.3157623603	1.54505508961	2.67430155491	3.2
10.2988859855	1.55357027874	2.83138118759	3.3
10.2711608952	1.56245785267	2.98846082027	3.4
10.2330393009	1.56834154395	-3.13764485423	3.5
10.1861956232	1.56815661355	-2.98056522155	3.6
10.1333509461	1.55957285048	-2.82348558887	3.7
10.0779530174	1.54133087182	-2.66640595619	3.8
10.0237516457	1.51344382112	-2.50932632351	3.9
9.97432491904	1.47723421582	-2.45330939304	4.0
9.92819279244	1.439292662	-2.4832161172	4.1
9.88214059186	1.4036709696	-2.53023211288	4.2
9.83551047958	1.37098578177	-2.58068906505	4.3
9.78821497954	1.34127432265	-2.6312735954	4.4
9.74029026353	1.31444713648	-2.68086951299	4.5
9.69180226393	1.29038013041	-2.72889557834	4.6
9.64282453487	1.26893564609	-2.77493809838	4.7
9.59343153301	1.24996777473	-2.81866803039	4.8
9.5436955006	1.23332419013	-2.85982367779	4.9
9.49368439565	1.21884744806	-2.89820731178	5.0
9.44315459341	1.20630050561	-2.93659094577	5.1
9.44315459341	1.20630050561	-2.79379127969	5.1
9.44315459341	1.20630050561	-2.65099161362	5.1
9.44315459341	1.20630050561	-2.50819194755	5.1
9.44315459341	1.20630050561	-2.36539228148	5.1
9.44315459341	1.20630050561	-2.22259261541	5.1
9.44315459341	1.20630050561	-2.07979294933	5.1
9.44315459341	1.20630050561	-1.93699328326	5.1
9.44315459341	1.20630050561	-1.79419361719	5.1
9.44315459341	1.20630050561	-1.65139395112	5.1
9.44315459341	1.20630050561	-1.50859428504	5.1
9.44315459341	1.20630050561	-1.36579461897	5.1
9.44315459341	1.20630050561	-1.2229949529	5.1
9.44315459341	1.20630050561	-1.08019528683	5.1
9.44315459341	1.20630050561	-0.937395620755	5.1
9.44315459341	1.20630050561	-0.794595954682	5.1
9.44315459341	1.20630050561	-0.65179628861	5.1
9.44315459341	1.20630050561	-0.508996622538	5.1
9.44315459341	1.20630050561	-0.366196956466	5.1
9.44315459341	1.20630050561	-0.223397290393	5.1
9.44315459341	1.20630050561	-0.0805976243211	5.1
9.44315459341	1.20630050561	0.0622020417512	5.1
9.44315459341	1.20630050561	0.205001707823	5.1
9.44315459341	1.20630050561	0.347801373896	5.1
9.44315459341	1.20630050561	0.490601039968	5.1
9.44315459341	1.20630050561	0.63340070604	5.1
9.44315459341	1.20630050561	0.776200372113	5.1
9.44315459341	1.20630050561	0.919000038185	5.1
9.44315459341	1.20630050561	1.06179970426	5.1
9.44315459341	1.20630050561	1.20459937033	5.1
9.44315459341	1.20630050561	1.3473990364	5.1
9.44315459341	1.20630050561	1.49019870247	5.1
9.44315459341	1.20630050561	1.63299836855	5.1
9.44315459341	1.20630050561	1.77579803462	5.1
9.44315459341	1.20630050561	1.91859770069	5.1
9.44315459341	1.20630050561	2.06139736676	5.1
9.44315459341	1.20630050561	2.20419703284	5.1
9.44315459341	1.20630050561	2.34699669891	5.1
9.44315459341	1.20630050561	2.48979636498	5.1
9.44315459341	1.20630050561	2.63259603105	5.1
9.44315459341	1.20630050561	2.77539569712	5.1
9.44315459341	1.20630050561	2.9181953632	5.1
9.44315459341	1.20630050561	3.06099502927	5.1
9.44315459341	1.20630050561	-3.07939061184	5.1
9.44315459341	1.20630050561	-2.93659094577	5.1
9.39248897937	1.19576597947	-2.97206657679	5.1
9.34579064708	1.18777267384	-2.97842898889	5.2
9.29895735785	1.18006264119	-2.99914011513	5.3
9.25185967509	1.17330770275	-3.02361609827	5.4
9.20447455695	1.16769128824	-3.04755510773	5.5
9.15682363257	1.16319705685	-3.06929420408	5.6
9.10894035217	1.15972912544	-3.08827895194	5.7
9.06085722513	1.15716320441	-3.10441746727	5.8
9.01260193932	1.15536847833	-3.11780724952	5.9
8.96419685343	1.15421692663	-3.12861982762	6.0
8.91565961649	1.15358722618	-3.13705236824	6.1
8.86700407119	1.1533663146	3.13987753887	6.2
8.81824114324	1.1534499487	3.13559839425	6.3
8.76937962176	1.15374284084	3.13309915349	6.4
8.72042680797	1.15415863156	3.13218828142	6.5
8.67138903436	1.15461981463	3.13267840634	6.6
8.62227206431	1.15505766704	3.1343853174	6.7
8.57308138388	1.15541220695	3.13712688727	6.8
8.52382239721	1.15563218754	3.14072205385	6.9
8.4745005369	1.15567512715	-3.13819538097	7.0
8.42512129993	1.15550737177	-3.13343626463	7.1
8.3756902203	1.15510418372	-3.12836852306	7.2
8.32621278949	1.15444984958	-3.12317637508	7.3
8.27673942298	1.15353863126	-3.11798422709	7.4
8.27673942298	1.15353863126	-2.97518456102	7.4
8.27673942298	1.15353863126	-2.83238489495	7.4
8.27673942298	1.15353863126	-2.68958522887	7.4
8.27673942298	1.15353863126	-2.5467855628	7.4
8.27673942298	1.15353863126	-2.40398589673	7.4
8.27673942298	1.15353863126	-2.26118623066	7.4
8.27673942298	1.15353863126	-2.11838656458	7.4
8.27673942298	1.15353863126	-1.97558689851	7.4
8.27673942298	1.15353863126	-1.83278723244	7.4
8.27673942298	1.15353863126	-1.68998756637	7.4
8.27673942298	1.15353863126	-1.5471879003	7.4
8.27673942298	1.15353863126	-1.40438823422	7.4
8.27673942298	1.15353863126	-1.26158856815	7.4
8.27673942298	1.15353863126	-1.11878890208	7.4
8.27673942298	1.15353863126	-0.975989236007	7.4
8.27673942298	1.15353863126	-0.833189569934	7.4
8.27673942298	1.15353863126	-0.690389903862	7.4
8.27673942298	1.15353863126	-0.54759023779	7.4
8.27673942298	1.15353863126	-0.404790571718	7.4
8.27673942298	1.15353863126	-0.261990905645	7.4
8.27673942298	1.15353863126	-0.119191239573	7.4
8.27673942298	1.15353863126	0.0236084264991	7.4
8.27673942298	1.15353863126	0.166408092571	7.4
8.27673942298	1.15353863126	0.309207758644	7.4
8.27673942298	1.15353863126	0.452007424716	7.4
8.27673942298	1.15353863126	0.594807090788	7.4
8.27673942298	1.15353863126	0.73760675686	7.4
8.27673942298	1.15353863126	0.880406422933	7.4
8.27673942298	1.15353863126	1.023206089	7.4
8.27673942298	1.15353863126	1.16600575508	7.4
8.27673942298	1.15353863126	1.30880542115	7.4
8.27673942298	1.15353863126	1.45160508722	7.4
8.27673942298	1.15353863126	1.59440475329	7.4
8.27673942298	1.15353863126	1.73720441937	7.4
8.27673942298	1.15353863126	1.88000408544	7.4
8.27673942298	1.15353863126	2.02280375151	7.4
8.27673942298	1.15353863126	2.16560341758	7.4
8.27673942298	1.15353863126	2.30840308366	7.4
8.27673942298	1.15353863126	2.45120274973	7.4
8.27673942298	1.15353863126	2.5940024158	7.4
8.27673942298	1.15353863126	2.73680208187	7.4
8.27673942298	1.15353863126	2.87960174794	7.4
8.27673942298	1.15353863126	3.02240141402	7.4
8.27673942298	1.15353863126	-3.11798422709	7.4
8.22722637354	1.15236948885	-3.11285381722	7.4
8.18163439737	1.15105886767	-3.11136029804	7.5
8.13569092885	1.14966946506	-3.10812659327	7.6
8.08942710124	1.14812061875	-3.10462015102	7.7
8.04287027196	1.1463985115	-3.10161133194	7.8
7.99604471421	1.14452536563	-3.09955065164	7.9
7.94897185546	1.14254516159	-3.09874545595	8.0
7.90167050484	1.14051719008	-3.09944151478	8.1
7.85415714668	1.13851326097	-3.10186033698	8.2
7.8064463299	1.13661660153	-3.10621613035	8.3
7.75855118196	1.13492153053	-3.11272339823	8.4
7.71048407876	1.13353348342	-3.12160003961	8.5
7.66225750372	1.13256917964	-3.13306793982	8.6
7.61388512943	1.132156809	3.13583363891	8.7
7.56538315389	1.13243613568	3.11851008726	8.8
7.51677191717	1.1335584071	3.09792893019	8.9
7.46807781068	1.13568592532	3.07388722392	9.0
7.4193354642	1.13899109871	3.04620911775	9.1
7.37059015126	1.14365475093	3.01476221253	9.2
7.32190028509	1.14986343477	2.97947803834	9.3
7.2733397847	1.15780549934	2.9403758127	9.4
7.22499997895	1.16766571714	2.89758735754	9.5
7.17699060646	1.17961842092	2.85137947322	9.6
7.12943939866	1.19381934973	2.80216860921	9.7
7.08264431479	1.2103421784	2.75295774519	9.8
7.08264431479	1.2103421784	2.89575741126	9.8
7.08264431479	1.2103421784	3.03855707734	9.8
7.08264431479	1.2103421784	-3.10182856377	9.8
7.08264431479	1.2103421784	-2.9590288977	9.8
7.08264431479	1.2103421784	-2.81622923163	9.8
7.08264431479	1.2103421784	-2.67342956556	9.8
7.08264431479	1.2103421784	-2.53062989948	9.8
7.08264431479	1.2103421784	-2.38783023341	9.8
7.08264431479	1.2103421784	-2.24503056734	9.8
7.08264431479	1.2103421784	-2.10223090127	9.8
7.08264431479	1.2103421784	-1.95943123519	9.8
7.08264431479	1.2103421784	-1.81663156912	9.8
7.08264431479	1.2103421784	-1.67383190305	9.8
7.08264431479	1.2103421784	-1.53103223698	9.8
7.08264431479	1.2103421784	-1.38823257091	9.8
7.08264431479	1.2103421784	-1.24543290483	9.8
7.08264431479	1.2103421784	-1.10263323876	9.8
7.08264431479	1.2103421784	-0.959833572688	9.8
7.08264431479	1.2103421784	-0.817033906616	9.8
7.08264431479	1.2103421784	-0.674234240544	9.8
7.08264431479	1.2103421784	-0.531434574472	9.8
7.08264431479	1.2103421784	-0.388634908399	9.8
7.08264431479	1.2103421784	-0.245835242327	9.8
7.08264431479	1.2103421784	-0.103035576255	9.8
7.08264431479	1.2103421784	0.0397640898175	9.8
7.08264431479	1.2103421784	0.18256375589	9.8
7.08264431479	1.2103421784	0.325363421962	9.8
7.08264431479	1.2103421784	0.468163088034	9.8
7.08264431479	1.2103421784	0.610962754107	9.8
7.08264431479	1.2103421784	0.753762420179	9.8
7.08264431479	1.2103421784	0.896562086251	9.8
7.08264431479	1.2103421784	1.03936175232	9.8
7.08264431479	1.2103421784	1.1821614184	9.8
7.08264431479	1.2103421784	1.32496108447	9.8
7.08264431479	1.2103421784	1.46776075054	9.8
7.08264431479	1.2103421784	1.61056041661	9.8
7.08264431479	1.2103421784	1.75336008268	9.8
7.08264431479	1.2103421784	1.89615974876	9.8
7.08264431479	1.2103421784	2.03895941483	9.8
7.08264431479	1.2103421784	2.1817590809	9.8
7.08264431479	1.2103421784	2.32455874697	9.8
7.08264431479	1.2103421784	2.46735841305	9.8
7.08264431479	1.2103421784	2.61015807912	9.8
7.08264431479	1.2103421784	2.75295774519	9.8
7.03656696955	1.2292090111	2.70131118878	9.8
6.99484141813	1.2488669373	2.68018843894	9.9
6.95316218936	1.26958980377	2.6368087122	10.0
6.91202946425	1.29231688917	2.58438967265	10.1
6.87175041064	1.31741315286	2.52930293298	10.2
6.84517796333	1.33607584759	2.3722233003	10.3
6.8170312424	1.36333441167	2.21514366762	10.4
6.79042149386	1.39875159681	2.05806403494	10.5
6.76809115903	1.44089355869	1.90098440226	10.6
6.75210144547	1.48754684047	1.83024898121	10.7
6.73943501228	1.53526627114	1.82851120268	10.8
6.72688985382	1.58286221895	1.8476166142	10.9
6.71345128443	1.63016200148	1.86937609463	11.0
6.6989781177	1.67718626929	1.88688036556	11.1
6.68366012134	1.72402327536	1.89746878106	11.2
6.66781284535	1.77079645963	1.90007073771	11.3
6.65180300169	1.81764799982	1.8941730513	11.4
6.63602473064	1.86472747686	1.87941858731	11.5
6.62094278423	1.91203462101	1.86466412332	11.6
6.62094278423	1.91203462101	2.00746378939	11.6
6.62094278423	1.91203462101	2.15026345547	11.6
6.62094278423	1.91203462101	2.29306312154	11.6
6.62094278423	1.91203462101	2.43586278761	11.6
6.62094278423	1.91203462101	2.57866245368	11.6
6.62094278423	1.91203462101	2.72146211976	11.6
6.62094278423	1.91203462101	2.86426178583	11.6
6.62094278423	1.91203462101	3.0070614519	11.6
6.62094278423	1.91203462101	-3.13332418921	11.6
6.62094278423	1.91203462101	-2.99052452313	11.6
6.62094278423	1.91203462101	-2.84772485706	11.6
6.62094278423	1.91203462101	-2.70492519099	11.6
6.62094278423	1.91203462101	-2.56212552492	11.6
6.62094278423	1.91203462101	-2.41932585885	11.6
6.62094278423	1.91203462101	-2.27652619277	11.6
6.62094278423	1.91203462101	-2.1337265267	11.6
6.62094278423	1.91203462101	-1.99092686063	11.6
6.62094278423	1.91203462101	-1.84812719456	11.6
6.62094278423	1.91203462101	-1.70532752848	11.6
6.62094278423	1.91203462101	-1.56252786241	11.6
6.62094278423	1.91203462101	-1.41972819634	11.6
6.62094278423	1.91203462101	-1.27692853027	11.6
6.62094278423	1.91203462101	-1.1341288642	11.6
6.62094278423	1.91203462101	-0.991329198123	11.6
6.62094278423	1.91203462101	-0.848529532051	11.6
6.62094278423	1.91203462101	-0.705729865978	11.6
6.62094278423	1.91203462101	-0.562930199906	11.6
6.62094278423	1.91203462101	-0.420130533834	11.6
6.62094278423	1.91203462101	-0.277330867762	11.6
6.62094278423	1.91203462101	-0.134531201689	11.6
6.62094278423	1.91203462101	0.00826846438288	11.6
6.62094278423	1.91203462101	0.151068130455	11.6
6.62094278423	1.91203462101	0.293867796527	11.6
6.62094278423	1.91203462101	0.4366674626	11.6
6.62094278423	1.91203462101	0.579467128672	11.6
6.62094278423	1.91203462101	0.722266794744	11.6
6.62094278423	1.91203462101	0.865066460816	11.6
6.62094278423	1.91203462101	1.00786612689	11.6
6.62094278423	1.91203462101	1.15066579296	11.6
6.62094278423	1.91203462101	1.29346545903	11.6
6.62094278423	1.91203462101	1.43626512511	11.6
6.62094278423	1.91203462101	1.57906479118	11.6
6.62094278423	1.91203462101	1.72186445725	11.6
6.62094278423	1.91203462101	1.86466412332	11.6
6.60651552083	1.95970758203	1.84071239275	11.6
6.59424017512	2.00407612371	1.81640800637	11.7
6.5829277013	2.04920458975	1.77533971439	11.8
6.57337599969	2.09524919999	1.72120852182	11.9
6.56625126647	2.14225950008	1.65618922901	12.0
6.56214908043	2.19018163538	1.58223617595	12.1
6.56159224215	2.23885482921	1.50177406024	12.2
6.56499067158	2.28801332687	1.41793775078	12.3
6.57258490193	2.33730719005	1.33440096969	12.4
6.58439889741	2.38634836043	1.25489204681	12.5
6.60022694472	2.43477438367	1.18262667435	12.6
6.61966472874	2.4823091852	1.11992337421	12.7
6.64217244142	2.52880002821	1.0681389437	12.8
6.66714428749	2.57422337229	1.02787764878	12.9
6.69396211566	2.61866760613	0.999332944009	13.0
6.72202357448	2.6623066846	0.982641723507	13.1
6.75074570238	2.70537569098	0.978203757421	13.2
6.77954855423	2.74815324042	0.986982977241	13.3
6.80797474742	2.79118200466	0.995762197061	13.4
6.80797474742	2.79118200466	1.13856186313	13.4
6.80797474742	2.79118200466	1.28136152921	13.4
6.80797474742	2.79118200466	1.42416119528	13.4
6.80797474742	2.79118200466	1.56696086135	13.4
6.80797474742	2.79118200466	1.70976052742	13.4
6.80797474742	2.79118200466	1.85256019349	13.4
6.80797474742	2.79118200466	1.99535985957	13.4
6.80797474742	2.79118200466	2.13815952564	13.4
6.80797474742	2.79118200466	2.28095919171	13.4
6.80797474742	2.79118200466	2.42375885778	13.4
6.80797474742	2.79118200466	2.56655852386	13.4
6.80797474742	2.79118200466	2.70935818993	13.4
6.80797474742	2.79118200466	2.852157856	13.4
6.80797474742	2.79118200466	2.99495752207	13.4
6.80797474742	2.79118200466	3.13775718814	13.4
6.80797474742	2.79118200466	-3.00262845296	13.4
6.80797474742	2.79118200466	-2.85982878689	13.4
6.80797474742	2.79118200466	-2.71702912082	13.4
6.80797474742	2.79118200466	-2.57422945475	13.4
6.80797474742	2.79118200466	-2.43142978867	13.4
6.80797474742	2.79118200466	-2.2886301226	13.4
6.80797474742	2.79118200466	-2.14583045653	13.4
6.80797474742	2.79118200466	-2.00303079046	13.4
6.80797474742	2.79118200466	-1.86023112438	13.4
6.80797474742	2.79118200466	-1.71743145831	13.4
6.80797474742	2.79118200466	-1.57463179224	13.4
6.80797474742	2.79118200466	-1.43183212617	13.4
6.80797474742	2.79118200466	-1.2890324601	13.4
6.80797474742	2.79118200466	-1.14623279402	13.4
6.80797474742	2.79118200466	-1.00343312795	13.4
6.80797474742	2.79118200466	-0.860633461878	13.4
6.80797474742	2.79118200466	-0.717833795806	13.4
6.80797474742	2.79118200466	-0.575034129734	13.4
6.80797474742	2.79118200466	-0.432234463662	13.4
6.80797474742	2.79118200466	-0.289434797589	13.4
6.80797474742	2.79118200466	-0.146635131517	13.4
6.80797474742	2.79118200466	-0.00383546544486	13.4
6.80797474742	2.79118200466	0.138964200627	13.4
6.80797474742	2.79118200466	0.2817638667	13.4
6.80797474742	2.79118200466	0.424563532772	13.4
6.80797474742	2.79118200466	0.567363198844	13.4
6.80797474742	2.79118200466	0.710162864916	13.4
6.80797474742	2.79118200466	0.852962530989	13.4
6.80797474742	2.79118200466	0.995762197061	13.4
6.83587121208	2.83422586318	1.01962461773	13.4
6.8603954391	2.87412091435	1.0568039952	13.5
6.8833529883	2.9147816722	1.1225992677	13.6
6.90347762023	2.95663532424	1.22256961778	13.7
6.91267874239	2.98198135651	1.37964925046	13.8
6.91267874239	2.98198135651	1.37964925046	13.9
6.91267874239	2.98198135651	1.37964925046	13.9
6.91267874239	2.98198135651	1.37964925046	13.9
6.91267874239	2.98198135651	1.37964925046	13.9
6.91267874239	2.98198135651	1.37964925046	13.9
6.91267874239	2.98198135651	1.37964925046	13.9
6.91267874239	2.98198135651	1.37964925046	13.9
6.91267874239	2.98198135651	1.37964925046	13.9
6.91267874239	2.98198135651	1.37964925046	13.9
6.91267874239	2.98198135651	1.37964925046	13.9
6.91267874239	2.98198135651	1.37964925046	13.9
6.91267874239	2.98198135651	1.37964925046	13.9
6.91267874239	2.98198135651	1.37964925046	13.9
6.91267874239	2.98198135651	1.37964925046	13.9
6.91267874239	2.98198135651	1.37964925046	13.9
6.91267874239	2.98198135651	1.37964925046	13.9
6.91267874239	2.98198135651	1.37964925046	13.9
6.91267874239	2.98198135651	1.37964925046	13.9
6.91267874239	2.98198135651	1.37964925046	13.9
6.91267874239	2.98198135651	1.37964925046	13.9
6.91267874239	2.98198135651	1.37964925046	13.9
6.91267874239	2.98198135651	1.37964925046	13.9
6.91267874239	2.98198135651	1.37964925046	13.9
6.91267874239	2.98198135651	1.37964925046	13.9
6.91267874239	2.98198135651	1.37964925046	13.9
6.91267874239	2.98198135651	1.37964925046	13.9
6.91267874239	2.98198135651	1.37964925046	13.9
6.91267874239	2.98198135651	1.37964925046	13.9
6.91267874239	2.98198135651	1.37964925046	13.9
6.91267874239	2.98198135651	1.37964925046	13.9
6.91267874239	2.98198135651	1.37964925046	13.9
6.91267874239	2.98198135651	1.37964925046	13.9
6.91267874239	2.98198135651	1.37964925046	13.9
6.91267874239	2.98198135651	1.37964925046	13.9
6.91267874239	2.98198135651	1.37964925046	13.9
6.91267874239	2.98198135651	1.37964925046	13.9
6.91267874239	2.98198135651	1.37964925046	13.9
6.91267874239	2.98198135651	1.37964925046	13.9
6.91267874239	2.98198135651	1.37964925046	13.9
6.91267874239	2.98198135651	1.37964925046	13.9
6.91267874239	2.98198135651	1.37964925046	13.9
6.91267874239	2.98198135651	1.37964925046	13.9
6.91267874239	2.98198135651	1.37964925046	13.9
6.91267874239	2.98198135651	1.37964925046	13.9
6.91267874239	2.98198135651	1.37964925046	13.9
6.91267874239	2.98198135651	1.37964925046	13.9
6.91267874239	2.98198135651	1.37964925046	13.9
6.91267874239	2.98198135651	1.37964925046	13.9
6.91267874239	2.98198135651	1.37964925046	13.9
6.91267874239	2.98198135651	1.37964925046	13.9
6.91267874239	2.98198135651	1.37964925046	13.9
6.91267874239	2.98198135651	1.37964925046	13.9
6.91267874239	2.98198135651	1.37964925046	13.9
6.91267874239	2.98198135651	1.37964925046	13.9
6.91267874239	2.98198135651	1.37964925046	13.9
6.91267874239	2.98198135651	1.37964925046	13.9
6.91267874239	2.98198135651	1.37964925046	13.9
6.91267874239	2.98198135651	1.37964925046	13.9
6.91267874239	2.98198135651	1.37964925046	13.9
6.91267874239	2.98198135651	1.37964925046	13.9
6.91267874239	2.98198135651	1.37964925046	13.9
6.91267874239	2.98198135651	1.37964925046	13.9
6.91267874239	2.98198135651	1.37964925046	13.9
6.91267874239	2.98198135651	1.37964925046	13.9
6.91267874239	2.98198135651	1.37964925046	13.9
6.91267874239	2.98198135651	1.37964925046	13.9
6.91267874239	2.98198135651	1.37964925046	13.9
6.91267874239	2.98198135651	1.37964925046	13.9
6.91267874239	2.98198135651	1.37964925046	13.9
6.91267874239	2.98198135651	1.37964925046	13.9
6.91267874239	2.98198135651	1.37964925046	13.9
6.91267874239	2.98198135651	1.37964925046	13.9
6.91267874239	2.98198135651	1.37964925046	13.9
6.91267874239	2.98198135651	1.37964925046	13.9
6.91267874239	2.98198135651	1.37964925046	13.9
6.91267874239	2.98198135651	1.37964925046	13.9
6.91267874239	2.98198135651	1.37964925046	13.9
6.91267874239	2.98198135651	1.37964925046	13.9
6.91267874239	2.98198135651	1.37964925046	13.9
6.91267874239	2.98198135651	1.37964925046	13.9
6.91267874239	2.98198135651	1.37964925046	13.9
6.91267874239	2.98198135651	1.37964925046	13.9
6.91267874239	2.98198135651	1.37964925046	13.9
6.91267874239	2.98198135651	1.37964925046	13.9
6.91267874239	2.98198135651	1.37964925046	13.9
6.91267874239	2.98198135651	1.37964925046	13.9
6.91267874239	2.98198135651	1.37964925046	13.9
6.91267874239	2.98198135651	1.37964925046	13.9
6.91267874239	2.98198135651	1.37964925046	13.9
6.91267874239	2.98198135651	1.37964925046	13.9
6.91267874239	2.98198135651	1.37964925046	13.9
6.91267874239	2.98198135651	1.37964925046	13.9
6.91267874239	2.98198135651	1.37964925046	13.9
6.91267874239	2.98198135651	1.37964925046	13.9
6.91267874239	2.98198135651	1.37964925046	13.9
6.91267874239	2.98198135651	1.37964925046	13.9
6.91267874239	2.98198135651	1.37964925046	13.9
6.91267874239	2.98198135651	1.37964925046	13.9
6.91267874239	2.98198135651	1.37964925046	13.9
6.91267874239	2.98198135651	1.37964925046	13.9
6.91267874239	2.98198135651	1.37964925046	13.9
6.91267874239	2.98198135651	1.37964925046	13.9
6.91267874239	2.98198135651	1.37964925046	13.9
6.91267874239	2.98198135651	1.37964925046	13.9
6.91267874239	2.98198135651	1.37964925046	13.9
6.91267874239	2.98198135651	1.37964925046	13.9
6.91267874239	2.98198135651	1.37964925046	13.9
6.91267874239	2.98198135651	1.37964925046	13.9
6.91267874239	2.98198135651	1.37964925046	13.9
6.91267874239	2.98198135651	1.37964925046	13.9
6.91267874239	2.98198135651	1.37964925046	13.9
6.91267874239	2.98198135651	1.37964925046	13.9
6.91267874239	2.98198135651	1.37964925046	13.9
6.91267874239	2.98198135651	1.37964925046	13.9
6.91267874239	2.98198135651	1.37964925046	13.9
6.91267874239	2.98198135651	1.37964925046	13.9
6.91267874239	2.98198135651	1.37964925046	13.9
6.91267874239	2.98198135651	1.37964925046	13.9
6.91267874239	2.98198135651	1.37964925046	13.9
6.91267874239	2.98198135651	1.37964925046	13.9
6.91267874239	2.98198135651	1.37964925046	13.9
6.91267874239	2.98198135651	1.37964925046	13.9
6.91267874239	2.98198135651	1.37964925046	13.9
6.91267874239	2.98198135651	1.37964925046	13.9
6.91267874239	2.98198135651	1.37964925046	13.9
6.91267874239	2.98198135651	1.37964925046	13.9
6.91267874239	2.98198135651	1.37964925046	13.9
6.91267874239	2.98198135651	1.37964925046	13.9
6.91267874239	2.98198135651	1.37964925046	13.9
6.91267874239	2.98198135651	1.37964925046	13.9
6.91267874239	2.98198135651	1.37964925046	13.9
6.91267874239	2.98198135651	1.37964925046	13.9
6.91267874239	2.98198135651	1.37964925046	13.9
6.91267874239	2.98198135651	1.37964925046	13.9
6.91267874239	2.98198135651	1.37964925046	13.9
6.91267874239	2.98198135651	1.37964925046	13.9
6.91267874239	2.98198135651	1.37964925046	13.9
6.91267874239	2.98198135651	1.37964925046	13.9
6.91267874239	2.98198135651	1.37964925046	13.9
6.91267874239	2.98198135651	1.37964925046	13.9
6.91267874239	2.98198135651	1.37964925046	13.9
6.91267874239	2.98198135651	1.37964925046	13.9
6.91267874239	2.98198135651	1.37964925046	13.9
6.91267874239	2.98198135651	1.37964925046	13.9
6.91267874239	2.98198135651	1.37964925046	13.9
6.91267874239	2.98198135651	1.37964925046	13.9
6.91267874239	2.98198135651	1.37964925046	13.9
6.91267874239	2.98198135651	1.37964925046	13.9
6.91267874239	2.98198135651	1.37964925046	13.9
6.91267874239	2.98198135651	1.37964925046	13.9
6.91267874239	2.98198135651	1.37964925046	13.9
6.91267874239	2.98198135651	1.37964925046	13.9
6.91267874239	2.98198135651	1.37964925046	13.9
6.91267874239	2.98198135651	1.37964925046	13.9
6.91267874239	2.98198135651	1.37964925046	13.9
6.91267874239	2.98198135651	1.37964925046	13.9
6.91267874239	2.98198135651	1.37964925046	13.9
6.91267874239	2.98198135651	1.37964925046	13.9
6.91267874239	2.98198135651	1.37964925046	13.9
6.91267874239	2.98198135651	1.37964925046	13.9
6.91267874239	2.98198135651	1.37964925046	13.9
6.91267874239	2.98198135651	1.37964925046	13.9
6.91267874239	2.98198135651	1.37964925046	14.0
6.90133919977	2.92338197746	1.45757016374	14.1
6.8948668044	2.86646304219	1.61464979642	14.2
6.89715132554	2.81440201963	1.7717294291	14.3
6.9061826059	2.77006184598	1.92880906178	14.4
6.91922815543	2.73519335136	2.08588869446	14.5
6.93323296138	2.71045265586	2.24296832714	14.6
6.94516600973	2.69545753796	2.40004795982	14.7
6.95232053815	2.68890451871	2.5571275925	14.8
6.95255563444	2.68874898632	2.71420722518	14.9
6.9444627026	2.69243499551	2.87128685786	15.0
6.92744485852	2.69715042537	3.02836649054	15.1
6.90170720698	2.7000771185	-3.09773918396	15.2
6.8681692937	2.6986054211	-2.94065955128	15.3
6.8283253892	2.69048994831	-2.7835799186	15.4
6.7840887569	2.67393944379	-2.62650028592	15.5
6.73765518278	2.64765508995	-2.46942065325	15.6
6.69140373745	2.6108483948	-2.31234102057	15.7
6.64782495271	2.56326946333	-2.15526138789	15.8
6.60944556858	2.50525678311	-1.99818175521	15.9
6.57871877962	2.43779362828	-1.84110212253	16.0
6.55786705328	2.36254037713	-1.68402248985	16.1
6.54868726287	2.28181232113	-1.52694285717	16.2
6.5523438531	2.19848377415	-1.36986322449	16.3
6.56918219443	2.11581388147	-1.21278359181	16.4
6.59859336564	2.03720291439	-1.06322955912	16.5
6.63842207704	1.96559024464	-1.07302069255	16.6
6.67633338687	1.89582566963	-1.06888745778	16.7
6.71340150472	1.82827971009	-1.06996948763	16.8
6.74935279626	1.76260044511	-1.07507973641	16.9
6.78401141424	1.69850727222	-1.08457660768	17.0
6.8171892193	1.63573497038	-1.09878604961	17.1
6.84868562276	1.57403749859	-1.11804826619	17.2
6.8376701156	1.59668223611	-1.0334998511	17.3
6.82389984266	1.61979600455	-0.93912856537	17.4
6.80716953368	1.64266185761	-0.821934738022	17.5
6.78729911817	1.66404002605	-0.664855105343	17.6
6.76458107121	1.68184901937	-0.507775472663	17.7
6.74055267097	1.6952194256	-0.350695839984	17.8
6.71715092594	1.70378018768	-0.193616207304	17.9
6.69652343834	1.70782466916	-0.0365365746247	18.0
6.68077586162	1.70840028783	0.120543058055	18.1
6.67168594425	1.70729922317	0.277622690734	18.2
6.67042098437	1.70693873212	0.434702323414	18.3
6.67729870207	1.71013222664	0.591781956093	18.4
6.69163096591	1.71976550796	0.748861588773	18.5
6.71168563754	1.73840576983	0.905941221452	18.6
6.73479410473	1.76788409202	1.06302085413	18.7
6.75762020232	1.80890562862	1.22010048681	18.8
6.7765878705	1.86075574785	1.37718011949	18.9
6.78843584678	1.92118227835	1.53425975217	19.0
6.79082462551	1.98653366165	1.69133938485	19.1
6.78287033993	2.05220082994	1.76709793935	19.2
6.77036593085	2.11508048984	1.70803272976	19.3
6.76187423338	2.17656796572	1.62964863386	19.4
6.75832340034	2.23683293616	1.54904453833	19.5
6.75960552314	2.29576696769	1.47130870756	19.6
6.76534444124	2.35326127148	1.39936342691	19.7
6.77503992833	2.4092617211	1.33527380443	19.8
6.78812421894	2.4637849946	1.28050697516	19.9
6.80399751389	2.51692128765	1.23612216478	20.0
6.82204896393	2.56882969134	1.20299991207	20.1
6.84166256632	2.61973045291	1.18210307288	20.2
6.86220733256	2.66989736844	1.17477077997	20.3
6.8830104061	2.71965166166	1.18307339482	20.4
6.903309275	2.7693555999	1.2102773227	20.5
6.92217515068	2.8193983073	1.2614528791	20.6
6.93839692746	2.87015421201	1.34408447542	20.7
6.94187145392	2.88521647389	1.18700484274	20.8
6.94980533623	2.90486375675	1.02992521006	20.9
6.96407333428	2.92861942909	0.872845577382	21.0
6.98634070162	2.95516639826	0.715765944702	21.1
7.01770477477	2.98244073668	0.558686312023	21.2
7.05839151143	3.00787486964	0.401606679343	21.3
7.10756604104	3.02875872133	0.244527046664	21.4
7.16330145137	3.04266583271	0.0874474139842	21.5
7.22272651604	3.04787568773	-0.0696322186952	21.6
7.2823425057	3.04371777184	-0.0883202632088	21.7
7.34058898098	3.03856000984	-0.0554503993922	21.8
7.39780168284	3.03538428716	-0.00966960694922	21.9
7.45408813079	3.03484000237	0.0397433200353	22.0
7.51033276093	3.03707652838	0.0891562470199	22.1
7.51033276093	3.03707652838	0.231955913092	22.1
7.51033276093	3.03707652838	0.374755579164	22.1
7.51033276093	3.03707652838	0.517555245237	22.1
7.51033276093	3.03707652838	0.660354911309	22.1
7.51033276093	3.03707652838	0.803154577381	22.1
7.51033276093	3.03707652838	0.945954243453	22.1
7.51033276093	3.03707652838	1.08875390953	22.1
7.51033276093	3.03707652838	1.2315535756	22.1
7.51033276093	3.03707652838	1.37435324167	22.1
7.51033276093	3.03707652838	1.51715290774	22.1
7.51033276093	3.03707652838	1.65995257381	22.1
7.51033276093	3.03707652838	1.80275223989	22.1
7.51033276093	3.03707652838	1.94555190596	22.1
7.51033276093	3.03707652838	2.08835157203	22.1
7.51033276093	3.03707652838	2.2311512381	22.1
7.51033276093	3.03707652838	2.37395090418	22.1
7.51033276093	3.03707652838	2.51675057025	22.1
7.51033276093	3.03707652838	2.65955023632	22.1
7.51033276093	3.03707652838	2.80234990239	22.1
7.51033276093	3.03707652838	2.94514956847	22.1
7.51033276093	3.03707652838	3.08794923454	22.1
7.51033276093	3.03707652838	-3.05243640657	22.1
7.51033276093	3.03707652838	-2.9096367405	22.1
7.51033276093	3.03707652838	-2.76683707443	22.1
7.51033276093	3.03707652838	-2.62403740835	22.1
7.51033276093	3.03707652838	-2.48123774228	22.1
7.51033276093	3.03707652838	-2.33843807621	22.1
7.51033276093	3.03707652838	-2.19563841014	22.1
7.51033276093	3.03707652838	-2.05283874406	22.1
7.51033276093	3.03707652838	-1.91003907799	22.1
7.51033276093	3.03707652838	-1.76723941192	22.1
7.51033276093	3.03707652838	-1.62443974585	22.1
7.51033276093	3.03707652838	-1.48164007977	22.1
7.51033276093	3.03707652838	-1.3388404137	22.1
7.51033276093	3.03707652838	-1.19604074763	22.1
7.51033276093	3.03707652838	-1.05324108156	22.1
7.51033276093	3.03707652838	-0.910441415486	22.1
7.51033276093	3.03707652838	-0.767641749414	22.1
7.51033276093	3.03707652838	-0.624842083341	22.1
7.51033276093	3.03707652838	-0.482042417269	22.1
7.51033276093	3.03707652838	-0.339242751197	22.1
7.51033276093	3.03707652838	-0.196443085125	22.1
7.51033276093	3.03707652838	-0.0536434190523	22.1
7.51033276093	3.03707652838	0.0891562470199	22.1
7.56553072402	3.04201085259	0.139200687325	22.1
7.61532529813	3.04898741105	0.153014047082	22.2
7.6646799379	3.05659886019	0.190466478738	22.3
7.71349708597	3.06601098274	0.23404330513	22.4
7.76173521854	3.07751155164	0.277037654575	22.5
7.80937338263	3.09105745177	0.316750885589	22.6
7.85641460524	3.10647696911	0.352055269801	22.7
7.90288578391	3.12354859215	0.38247704396	22.8
7.94883498967	3.14203339613	0.407828153684	22.9
7.99432809604	3.1616887618	0.428043245906	23.0
8.03944553547	3.18227381098	0.443097008481	23.1
8.08427948524	3.20355063501	0.452955059303	23.2
8.12893157734	3.22528302639	0.457539942082	23.3
8.1735111074	3.24723347725	0.456704239134	23.4
8.21813362287	3.26915878041	0.450206851673	23.5
8.26291967832	3.29080433828	0.437690373949	23.6
8.30799343503	3.3118971467	0.418658901765	23.7
8.35346043215	3.33212836719	0.399627429581	23.8
8.35346043215	3.33212836719	0.542427095654	23.8
8.35346043215	3.33212836719	0.685226761726	23.8
8.35346043215	3.33212836719	0.828026427798	23.8
8.35346043215	3.33212836719	0.97082609387	23.8
8.35346043215	3.33212836719	1.11362575994	23.8
8.35346043215	3.33212836719	1.25642542601	23.8
8.35346043215	3.33212836719	1.39922509209	23.8
8.35346043215	3.33212836719	1.54202475816	23.8
8.35346043215	3.33212836719	1.68482442423	23.8
8.35346043215	3.33212836719	1.8276240903	23.8
8.35346043215	3.33212836719	1.97042375638	23.8
8.35346043215	3.33212836719	2.11322342245	23.8
8.35346043215	3.33212836719	2.25602308852	23.8
8.35346043215	3.33212836719	2.39882275459	23.8
8.35346043215	3.33212836719	2.54162242067	23.8
8.35346043215	3.33212836719	2.68442208674	23.8
8.35346043215	3.33212836719	2.82722175281	23.8
8.35346043215	3.33212836719	2.97002141888	23.8
8.35346043215	3.33212836719	3.11282108495	23.8
8.35346043215	3.33212836719	-3.02756455615	23.8
8.35346043215	3.33212836719	-2.88476489008	23.8
8.35346043215	3.33212836719	-2.74196522401	23.8
8.35346043215	3.33212836719	-2.59916555794	23.8
8.35346043215	3.33212836719	-2.45636589186	23.8
8.35346043215	3.33212836719	-2.31356622579	23.8
8.35346043215	3.33212836719	-2.17076655972	23.8
8.35346043215	3.33212836719	-2.02796689365	23.8
8.35346043215	3.33212836719	-1.88516722757	23.8
8.35346043215	3.33212836719	-1.7423675615	23.8
8.35346043215	3.33212836719	-1.59956789543	23.8
8.35346043215	3.33212836719	-1.45676822936	23.8
8.35346043215	3.33212836719	-1.31396856329	23.8
8.35346043215	3.33212836719	-1.17116889721	23.8
8.35346043215	3.33212836719	-1.02836923114	23.8
8.35346043215	3.33212836719	-0.885569565069	23.8
8.35346043215	3.33212836719	-0.742769898997	23.8
8.35346043215	3.33212836719	-0.599970232925	23.8
8.35346043215	3.33212836719	-0.457170566852	23.8
8.35346043215	3.33212836719	-0.31437090078	23.8
8.35346043215	3.33212836719	-0.171571234708	23.8
8.35346043215	3.33212836719	-0.0287715686355	23.8
8.35346043215	3.33212836719	0.114028097437	23.8
8.35346043215	3.33212836719	0.256827763509	23.8
8.35346043215	3.33212836719	0.399627429581	23.8
8.39932456534	3.35149927276	0.373426021385	23.8
8.44203181095	3.36823239209	0.351284793748	23.9
8.48540971168	3.38412974923	0.311487309505	24.0
8.52970420453	3.39839116781	0.257618806989	24.1
8.5750451502	3.41033730305	0.190668888389	24.2
8.59263156493	3.41373171949	0.0335892557097	24.3
8.61869413013	3.41460747103	-0.12349037697	24.4
8.65232403016	3.41043326167	-0.280570009649	24.5
8.69176112848	3.39906861116	-0.437649642329	24.6
8.73456570637	3.37903981762	-0.594729275008	24.7
8.77787544058	3.34974394896	-0.751808907688	24.8
8.81871892248	3.31155607043	-0.908888540367	24.9
8.85435038557	3.265825833	-1.06596817305	25.0
8.88256764746	3.21476201907	-1.0950622474	25.1
8.90891149188	3.16362884913	-1.08442494753	25.2
8.93543587105	3.11346322518	-1.06499598022	25.3
8.96260112902	3.06441588782	-1.04429037168	25.4
8.99047465181	3.01646004044	-1.02421674244	25.5
9.01902808387	2.96952872166	-1.00526258215	25.6
9.0482113311	2.92354806605	-0.98753324568	25.7
9.07797157962	2.87844599704	-0.971023881455	25.8
9.10825826019	2.83415445487	-0.955694563057	25.9
9.13902427317	2.79060983982	-0.94149260497	26.0
9.16935088602	2.74895519937	-0.956552581902	26.1
9.19904676565	2.70684858171	-0.971612558834	26.2
9.19904676565	2.70684858171	-0.828812892762	26.2
9.19904676565	2.70684858171	-0.68601322669	26.2
9.19904676565	2.70684858171	-0.543213560617	26.2
9.19904676565	2.70684858171	-0.400413894545	26.2
9.19904676565	2.70684858171	-0.257614228473	26.2
9.19904676565	2.70684858171	-0.114814562401	26.2
9.19904676565	2.70684858171	0.0279851036717	26.2
9.19904676565	2.70684858171	0.170784769744	26.2
9.19904676565	2.70684858171	0.313584435816	26.2
9.19904676565	2.70684858171	0.456384101889	26.2
9.19904676565	2.70684858171	0.599183767961	26.2
9.19904676565	2.70684858171	0.741983434033	26.2
9.19904676565	2.70684858171	0.884783100105	26.2
9.19904676565	2.70684858171	1.02758276618	26.2
9.19904676565	2.70684858171	1.17038243225	26.2
9.19904676565	2.70684858171	1.31318209832	26.2
9.19904676565	2.70684858171	1.45598176439	26.2
9.19904676565	2.70684858171	1.59878143047	26.2
9.19904676565	2.70684858171	1.74158109654	26.2
9.19904676565	2.70684858171	1.88438076261	26.2
9.19904676565	2.70684858171	2.02718042868	26.2
9.19904676565	2.70684858171	2.16998009476	26.2
9.19904676565	2.70684858171	2.31277976083	26.2
9.19904676565	2.70684858171	2.4555794269	26.2
9.19904676565	2.70684858171	2.59837909297	26.2
9.19904676565	2.70684858171	2.74117875904	26.2
9.19904676565	2.70684858171	2.88397842512	26.2
9.19904676565	2.70684858171	3.02677809119	26.2
9.19904676565	2.70684858171	-3.11360754992	26.2
9.19904676565	2.70684858171	-2.97080788385	26.2
9.19904676565	2.70684858171	-2.82800821777	26.2
9.19904676565	2.70684858171	-2.6852085517	26.2
9.19904676565	2.70684858171	-2.54240888563	26.2
9.19904676565	2.70684858171	-2.39960921956	26.2
9.19904676565	2.70684858171	-2.25680955348	26.2
9.19904676565	2.70684858171	-2.11400988741	26.2
9.19904676565	2.70684858171	-1.97121022134	26.2
9.19904676565	2.70684858171	-1.82841055527	26.2
9.19904676565	2.70684858171	-1.6856108892	26.2
9.19904676565	2.70684858171	-1.54281122312	26.2
9.19904676565	2.70684858171	-1.40001155705	26.2
9.19904676565	2.70684858171	-1.25721189098	26.2
9.19904676565	2.70684858171	-1.11441222491	26.2
9.19904676565	2.70684858171	-0.971612558834	26.2
9.22605641974	2.66729944824	-1.03497196554	26.2
9.24077135463	2.64251714084	-1.19205159822	26.3
9.25307391462	2.61160291795	-1.3491312309	26.4
9.26025291034	2.57974843156	-1.50621086358	26.5
9.2594413555	2.59229655125	-1.3491312309	26.6
9.26775115369	2.55542449235	-1.50621086358	26.7
9.2612970965	2.65521600074	-1.66329049626	26.8
9.26325589478	2.67633310624	-1.82037012894	26.9
9.26554484613	2.68531333084	-1.97744976162	27.0
9.26435301854	2.68254587506	-2.13452939429	27.1
9.25957042851	2.67498042702	-2.29160902697	27.2
9.24629452745	2.65986853358	-2.44868865965	27.3
9.22892479613	2.64544766182	-2.60576829233	27.4
9.21468014535	2.63698964758	-2.76284792501	27.5
9.18887792709	2.62672145035	-2.91992755769	27.6
9.15112958737	2.61821416613	-3.07700719037	27.7
9.10234227396	2.6150588264	3.04909848413	27.8
9.04453786249	2.62042069673	2.89201885145	27.9
8.98195561028	2.63637216088	2.73493921877	28.0
8.91840831676	2.66373932538	2.57785958609	28.1
8.85686392809	2.70264535952	2.42077995341	28.2
8.80074716219	2.75194431962	2.26370032073	28.3
8.75300171396	2.809453021	2.16203403134	28.4
8.7122800786	2.87010938973	2.17161980121	28.5
8.67205821172	2.92879776643	2.18248846511	28.6
8.63220448134	2.98561473977	2.19306965945	28.7
8.59268494787	3.04070601003	2.20327918833	28.8
8.55347202535	3.0942080114	2.21309477966	28.9
8.51454080387	3.14624657362	2.22250195039	29.0
8.47586862281	3.19693764808	2.23149053011	29.1
8.43743485429	3.24638809232	2.24005420582	29.2
8.39857902266	3.29550759301	2.24861788153	29.3
8.37693961309	3.3223866867	2.09153824885	29.4
8.35495465725	3.36071822844	1.93445861617	29.5
8.33651812434	3.40916023303	1.77737898349	29.6
8.32477458095	3.46519595732	1.62029935081	29.7
8.32178454242	3.52554773944	1.46321971813	29.8
8.32837939211	3.58661482445	1.37207010526	29.9
8.3403322086	3.64596810583	1.38130283549	30.0
8.35153194874	3.70436254165	1.40519722244	30.1
8.36118588966	3.76212573019	1.42738545373	30.2
8.3694478786	3.81934085201	1.44477199427	30.3
8.3766321449	3.87604571213	1.45706569275	30.4
8.38305443225	3.93227131459	1.46464126443	30.5
8.38899763243	3.98804688309	1.46805481271	30.6
8.39470470989	4.04339921461	1.46791917659	30.7
8.40037809486	4.09835170575	1.46486382233	30.8
8.40618079458	4.15292398379	1.45951603809	30.9
8.41223812292	4.20713218639	1.45248797351	31.0
8.41863981719	4.26098974	1.4443657453	31.1
8.42544250311	4.31450844464	1.43569995096	31.2
8.43267248396	4.36769967446	1.42699779357	31.3
8.44032879924	4.42057552613	1.41871716318	31.4
8.44842269241	4.4733861666	1.4104365328	31.5
8.44842269241	4.4733861666	1.55323619887	31.5
8.44842269241	4.4733861666	1.69603586495	31.5
8.44842269241	4.4733861666	1.83883553102	31.5
8.44842269241	4.4733861666	1.98163519709	31.5
8.44842269241	4.4733861666	2.12443486316	31.5
8.44842269241	4.4733861666	2.26723452924	31.5
8.44842269241	4.4733861666	2.41003419531	31.5
8.44842269241	4.4733861666	2.55283386138	31.5
8.44842269241	4.4733861666	2.69563352745	31.5
8.44842269241	4.4733861666	2.83843319353	31.5
8.44842269241	4.4733861666	2.9812328596	31.5
8.44842269241	4.4733861666	3.12403252567	31.5
8.44842269241	4.4733861666	-3.01635311544	31.5
8.44842269241	4.4733861666	-2.87355344937	31.5
8.44842269241	4.4733861666	-2.73075378329	31.5
8.44842269241	4.4733861666	-2.58795411722	31.5
8.44842269241	4.4733861666	-2.44515445115	31.5
8.44842269241	4.4733861666	-2.30235478508	31.5
8.44842269241	4.4733861666	-2.159555119	31.5
8.44842269241	4.4733861666	-2.01675545293	31.5
8.44842269241	4.4733861666	-1.87395578686	31.5
8.44842269241	4.4733861666	-1.73115612079	31.5
8.44842269241	4.4733861666	-1.58835645471	31.5
8.44842269241	4.4733861666	-1.44555678864	31.5
8.44842269241	4.4733861666	-1.30275712257	31.5
8.44842269241	4.4733861666	-1.1599574565	31.5
8.44842269241	4.4733861666	-1.01715779043	31.5
8.44842269241	4.4733861666	-0.874358124354	31.5
8.44842269241	4.4733861666	-0.731558458281	31.5
8.44842269241	4.4733861666	-0.588758792209	31.5
8.44842269241	4.4733861666	-0.445959126137	31.5
8.44842269241	4.4733861666	-0.303159460065	31.5
8.44842269241	4.4733861666	-0.160359793992	31.5
8.44842269241	4.4733861666	-0.01756012792	31.5
8.44842269241	4.4733861666	0.125239538152	31.5
8.44842269241	4.4733861666	0.268039204225	31.5
8.44842269241	4.4733861666	0.410838870297	31.5
8.44842269241	4.4733861666	0.553638536369	31.5
8.44842269241	4.4733861666	0.696438202441	31.5
8.44842269241	4.4733861666	0.839237868514	31.5
8.44842269241	4.4733861666	0.982037534586	31.5
8.44842269241	4.4733861666	1.12483720066	31.5
8.44842269241	4.4733861666	1.26763686673	31.5
8.44842269241	4.4733861666	1.4104365328	31.5
8.45691542364	4.52589189953	1.40298225423	31.5
8.46504784625	4.57389704114	1.40251224799	31.6
8.47322374213	4.6220214428	1.3995873808	31.7
8.48155886431	4.67022874549	1.39695664333	31.8
8.49003697555	4.71850618715	1.39579866302	31.9
8.49858489852	4.76685247019	1.39663186753	32.0
8.50710427679	4.81527258667	1.39968460902	32.1
8.51548556867	4.86377500744	1.40504515951	32.2
8.52361479413	4.91236979517	1.41272201235	32.3
8.5313773535	4.96106711718	1.42266731676	32.4
8.53866070962	5.00987597013	1.43478480797	32.5
8.54535669956	5.05880306821	1.44893099029	32.6
8.55136382009	5.10785190896	1.46491336316	32.7
8.55658964539	5.15702206098	1.48248756936	32.8
8.56095343949	5.20630873132	1.50135462084	32.9
8.56438896305	5.25570267303	1.52115904873	33.0
8.56684742276	5.30519048499	1.541488603	33.1
8.56830047174	5.35475533451	1.56187585531	33.2
8.56874314193	5.4043780984	1.58180169282	33.3
8.56819658488	5.45403887141	1.60070025348	33.4
8.56671051881	5.50371873761	1.6179644147	33.5
8.56436533153	5.55340164637	1.63295060631	33.6
8.56127587787	5.60304383209	1.64793679793	33.7
8.56127587787	5.60304383209	1.790736464	33.7
8.56127587787	5.60304383209	1.93353613007	33.7
8.56127587787	5.60304383209	2.07633579615	33.7
8.56127587787	5.60304383209	2.21913546222	33.7
8.56127587787	5.60304383209	2.36193512829	33.7
8.56127587787	5.60304383209	2.50473479436	33.7
8.56127587787	5.60304383209	2.64753446043	33.7
8.56127587787	5.60304383209	2.79033412651	33.7
8.56127587787	5.60304383209	2.93313379258	33.7
8.56127587787	5.60304383209	3.07593345865	33.7
8.56127587787	5.60304383209	-3.06445218246	33.7
8.56127587787	5.60304383209	-2.92165251638	33.7
8.56127587787	5.60304383209	-2.77885285031	33.7
8.56127587787	5.60304383209	-2.63605318424	33.7
8.56127587787	5.60304383209	-2.49325351817	33.7
8.56127587787	5.60304383209	-2.3504538521	33.7
8.56127587787	5.60304383209	-2.20765418602	33.7
8.56127587787	5.60304383209	-2.06485451995	33.7
8.56127587787	5.60304383209	-1.92205485388	33.7
8.56127587787	5.60304383209	-1.77925518781	33.7
8.56127587787	5.60304383209	-1.63645552173	33.7
8.56127587787	5.60304383209	-1.49365585566	33.7
8.56127587787	5.60304383209	-1.35085618959	33.7
8.56127587787	5.60304383209	-1.20805652352	33.7
8.56127587787	5.60304383209	-1.06525685744	33.7
8.56127587787	5.60304383209	-0.922457191373	33.7
8.56127587787	5.60304383209	-0.7796575253	33.7
8.56127587787	5.60304383209	-0.636857859228	33.7
8.56127587787	5.60304383209	-0.494058193156	33.7
8.56127587787	5.60304383209	-0.351258527083	33.7
8.56127587787	5.60304383209	-0.208458861011	33.7
8.56127587787	5.60304383209	-0.0656591949389	33.7
8.56127587787	5.60304383209	0.0771404711333	33.7
8.56127587787	5.60304383209	0.219940137206	33.7
8.56127587787	5.60304383209	0.362739803278	33.7
8.56127587787	5.60304383209	0.50553946935	33.7
8.56127587787	5.60304383209	0.648339135422	33.7
8.56127587787	5.60304383209	0.791138801495	33.7
8.56127587787	5.60304383209	0.933938467567	33.7
8.56127587787	5.60304383209	1.07673813364	33.7
8.56127587787	5.60304383209	1.21953779971	33.7
8.56127587787	5.60304383209	1.36233746578	33.7
8.56127587787	5.60304383209	1.50513713186	33.7
8.56127587787	5.60304383209	1.64793679793	33.7
8.56127587787	5.60304383209	1.790736464	33.8
8.55041053193	5.65164605445	1.79699784528	33.8
8.53935338752	5.69969131339	1.69075211856	33.9
8.53345359708	5.74863822158	1.58450639185	34.0
8.53306445651	5.77702001122	1.74158602453	34.1
8.52717687148	5.81115689566	1.89866565721	34.2
8.51602158714	5.84395247718	2.05574528989	34.3
8.51017661378	5.85504524575	2.21282492257	34.4
8.49575651834	5.87433113846	2.36990455525	34.5
8.4710164028	5.89840201026	2.52698418793	34.6
8.43532272607	5.92359463303	2.6840638206	34.7
8.38914126761	5.94633321771	2.84114345328	34.8
8.3339462205	5.96343421647	2.99822308596	34.9
8.27206016095	5.97236808953	-3.12788258854	35.0
8.20643397984	5.97146829394	-2.97080295586	35.1
8.14037819849	5.96007565997	-2.81372332318	35.2
8.07726069994	5.93860649825	-2.79961482444	35.3
8.01576150582	5.91671501428	-2.81010211605	35.4
7.95525112105	5.89588787646	-2.82357621292	35.5
7.89559793531	5.87625067666	-2.83793595793	35.6
7.8367347458	5.85780604894	-2.85346773139	35.7
7.77860171798	5.84057705464	-2.87075730526	35.8
7.72113950654	5.82462223056	-2.89038566409	35.9
7.66428984288	5.81003301491	-2.91287096886	36.0
7.60799778913	5.79692848551	-2.93864781514	36.1
7.5522146445	5.78544955711	-2.96805024925	36.2
7.49690115001	5.77575277842	-3.00129185381	36.3
7.44203069698	5.76800349669	-3.03844195843	36.4
7.38759219696	5.76236812648	-3.07939986765	36.5
7.33296860378	5.7589665462	-3.12035777687	36.6
7.33296860378	5.7589665462	-2.97755811079	36.6
7.33296860378	5.7589665462	-2.83475844472	36.6
7.33296860378	5.7589665462	-2.69195877865	36.6
7.33296860378	5.7589665462	-2.54915911258	36.6
7.33296860378	5.7589665462	-2.4063594465	36.6
7.33296860378	5.7589665462	-2.26355978043	36.6
7.33296860378	5.7589665462	-2.12076011436	36.6
7.33296860378	5.7589665462	-1.97796044829	36.6
7.33296860378	5.7589665462	-1.83516078222	36.6
7.33296860378	5.7589665462	-1.69236111614	36.6
7.33296860378	5.7589665462	-1.54956145007	36.6
7.33296860378	5.7589665462	-1.406761784	36.6
7.33296860378	5.7589665462	-1.26396211793	36.6
7.33296860378	5.7589665462	-1.12116245185	36.6
7.33296860378	5.7589665462	-0.978362785782	36.6
7.33296860378	5.7589665462	-0.835563119709	36.6
7.33296860378	5.7589665462	-0.692763453637	36.6
7.33296860378	5.7589665462	-0.549963787565	36.6
7.33296860378	5.7589665462	-0.407164121493	36.6
7.33296860378	5.7589665462	-0.26436445542	36.6
7.33296860378	5.7589665462	-0.121564789348	36.6
7.33296860378	5.7589665462	0.0212348767242	36.6
7.33296860378	5.7589665462	0.164034542796	36.6
7.33296860378	5.7589665462	0.306834208869	36.6
7.33296860378	5.7589665462	0.449633874941	36.6
7.33296860378	5.7589665462	0.592433541013	36.6
7.33296860378	5.7589665462	0.735233207086	36.6
7.33296860378	5.7589665462	0.878032873158	36.6
7.33296860378	5.7589665462	1.02083253923	36.6
7.33296860378	5.7589665462	1.1636322053	36.6
7.33296860378	5.7589665462	1.30643187137	36.6
7.33296860378	5.7589665462	1.44923153745	36.6
7.33296860378	5.7589665462	1.59203120352	36.6
7.33296860378	5.7589665462	1.73483086959	36.6
7.33296860378	5.7589665462	1.87763053566	36.6
7.33296860378	5.7589665462	2.02043020174	36.6
7.33296860378	5.7589665462	2.16322986781	36.6
7.33296860378	5.7589665462	2.30602953388	36.6
7.33296860378	5.7589665462	2.44882919995	36.6
7.33296860378	5.7589665462	2.59162886602	36.6
7.33296860378	5.7589665462	2.7344285321	36.6
7.33296860378	5.7589665462	2.87722819817	36.6
7.33296860378	5.7589665462	3.02002786424	36.6
7.33296860378	5.7589665462	-3.12035777687	36.6
7.27887620191	5.75781772803	3.11835583323	36.6
7.2296273833	5.75896232	3.09942284745	36.7
7.18061210879	5.76103051072	3.05764496883	36.8
7.13184632492	5.76513392912	3.00688409783	36.9
7.08339540561	5.77170045019	2.95316277231	37.0
7.03535338413	5.78086168584	2.89952796559	37.1
6.98781668537	5.79259878895	2.84783037724	37.2
6.94086781128	5.8068015144	2.79936554115	37.3
6.89456499963	5.82329664326	2.75510241015	37.4
6.84893586632	5.84186578511	2.71577454252	37.5
6.80397439849	5.86225892227	2.68193635482	37.6
6.75964073787	5.8842050052	2.65401873813	37.7
6.71586290297	5.90741933405	2.63239230669	37.8
6.67253944004	5.93160722781	2.617438667	37.9
6.62954207794	5.95646360674	2.60963015961	38.0
6.58671772653	5.98166814712	2.60962190242	38.1
6.54388952268	6.00687543102	2.61836467201	38.2
6.50085710184	6.03169894045	2.63725233981	38.3
6.45736352622	6.05570528844	2.65614000761	38.4
6.45736352622	6.05570528844	2.79893967368	38.4
6.45736352622	6.05570528844	2.94173933975	38.4
6.45736352622	6.05570528844	3.08453900583	38.4
6.45736352622	6.05570528844	-3.05584663528	38.4
6.45736352622	6.05570528844	-2.91304696921	38.4
6.45736352622	6.05570528844	-2.77024730314	38.4
6.45736352622	6.05570528844	-2.62744763706	38.4
6.45736352622	6.05570528844	-2.48464797099	38.4
6.45736352622	6.05570528844	-2.34184830492	38.4
6.45736352622	6.05570528844	-2.19904863885	38.4
6.45736352622	6.05570528844	-2.05624897277	38.4
6.45736352622	6.05570528844	-1.9134493067	38.4
6.45736352622	6.05570528844	-1.77064964063	38.4
6.45736352622	6.05570528844	-1.62784997456	38.4
6.45736352622	6.05570528844	-1.48505030849	38.4
6.45736352622	6.05570528844	-1.34225064241	38.4
6.45736352622	6.05570528844	-1.19945097634	38.4
6.45736352622	6.05570528844	-1.05665131027	38.4
6.45736352622	6.05570528844	-0.913851644196	38.4
6.45736352622	6.05570528844	-0.771051978124	38.4
6.45736352622	6.05570528844	-0.628252312052	38.4
6.45736352622	6.05570528844	-0.485452645979	38.4
6.45736352622	6.05570528844	-0.342652979907	38.4
6.45736352622	6.05570528844	-0.199853313835	38.4
6.45736352622	6.05570528844	-0.0570536477627	38.4
6.45736352622	6.05570528844	0.0857460183096	38.4
6.45736352622	6.05570528844	0.228545684382	38.4
6.45736352622	6.05570528844	0.371345350454	38.4
6.45736352622	6.05570528844	0.514145016526	38.4
6.45736352622	6.05570528844	0.656944682599	38.4
6.45736352622	6.05570528844	0.799744348671	38.4
6.45736352622	6.05570528844	0.942544014743	38.4
6.45736352622	6.05570528844	1.08534368082	38.4
6.45736352622	6.05570528844	1.22814334689	38.4
6.45736352622	6.05570528844	1.37094301296	38.4
6.45736352622	6.05570528844	1.51374267903	38.4
6.45736352622	6.05570528844	1.6565423451	38.4
6.45736352622	6.05570528844	1.79934201118	38.4
6.45736352622	6.05570528844	1.94214167725	38.4
6.45736352622	6.05570528844	2.08494134332	38.4
6.45736352622	6.05570528844	2.22774100939	38.4
6.45736352622	6.05570528844	2.37054067547	38.4
6.45736352622	6.05570528844	2.51334034154	38.4
6.45736352622	6.05570528844	2.65614000761	38.4
6.41345814975	6.07886805936	2.68720937689	38.4
6.45595510669	6.05810945813	2.84428900957	38.5
6.43483278408	6.06458100694	3.00136864225	38.6
6.40078361493	6.0693870595	-3.12473703225	38.7
6.3007978202	6.06770157717	-2.96765739957	38.8
6.25008508957	6.05879080311	-3.11566727829	38.9
6.19861275317	6.05745606442	3.01950815016	39.0
6.19861275317	6.05745606442	3.01950815016	39.1
6.19861275317	6.05745606442	3.01950815016	39.2
6.19861275317	6.05745606442	3.01950815016	39.3
6.19861275317	6.05745606442	3.01950815016	39.4
6.19861275317	6.05745606442	3.01950815016	39.5
6.19861275317	6.05745606442	3.01950815016	39.6
6.19861275317	6.05745606442	3.01950815016	39.7
6.19861275317	6.05745606442	3.01950815016	39.8
6.19861275317	6.05745606442	3.01950815016	39.9
6.19861275317	6.05745606442	3.01950815016	40.0
6.19861275317	6.05745606442	3.01950815016	40.1
6.19861275317	6.05745606442	3.01950815016	40.2
6.19861275317	6.05745606442	3.01950815016	40.3
6.19861275317	6.05745606442	3.01950815016	40.4
6.19861275317	6.05745606442	3.01950815016	40.5
6.19861275317	6.05745606442	3.01950815016	40.6
6.19861275317	6.05745606442	3.01950815016	40.7
6.19861275317	6.05745606442	3.01950815016	40.8
6.19861275317	6.05745606442	3.01950815016	40.9
6.19861275317	6.05745606442	3.01950815016	41.0
6.19861275317	6.05745606442	3.01950815016	41.1
6.19861275317	6.05745606442	3.01950815016	41.2
6.19861275317	6.05745606442	3.01950815016	41.3
6.19861275317	6.05745606442	3.01950815016	41.4
6.19861275317	6.05745606442	3.01950815016	41.5
6.19861275317	6.05745606442	3.01950815016	41.6
6.19861275317	6.05745606442	3.01950815016	41.7
6.19861275317	6.05745606442	3.01950815016	41.8
6.19861275317	6.05745606442	3.01950815016	41.9
6.19861275317	6.05745606442	3.01950815016	42.0
6.19861275317	6.05745606442	3.01950815016	42.1
6.19861275317	6.05745606442	3.01950815016	42.2
6.19861275317	6.05745606442	3.01950815016	42.3
6.19861275317	6.05745606442	3.01950815016	42.4
6.19861275317	6.05745606442	3.01950815016	42.5
6.19861275317	6.05745606442	3.01950815016	42.6
6.19861275317	6.05745606442	3.01950815016	42.7
6.19861275317	6.05745606442	3.01950815016	42.8
6.19861275317	6.05745606442	3.01950815016	42.9
6.19861275317	6.05745606442	3.01950815016	43.0
6.19861275317	6.05745606442	3.01950815016	43.1
6.19861275317	6.05745606442	3.01950815016	43.2
6.19861275317	6.05745606442	3.01950815016	43.3
6.19861275317	6.05745606442	3.01950815016	43.4
6.19861275317	6.05745606442	3.01950815016	43.5
6.19861275317	6.05745606442	3.01950815016	43.6
6.19861275317	6.05745606442	3.01950815016	43.7
6.19861275317	6.05745606442	3.01950815016	43.8
6.19861275317	6.05745606442	3.01950815016	43.9
6.19861275317	6.05745606442	3.01950815016	44.0
6.19861275317	6.05745606442	3.01950815016	44.1
6.19861275317	6.05745606442	3.01950815016	44.2
6.19861275317	6.05745606442	3.01950815016	44.3
6.19861275317	6.05745606442	3.01950815016	44.4
6.19861275317	6.05745606442	3.01950815016	44.5
6.19861275317	6.05745606442	3.01950815016	44.6
6.19861275317	6.05745606442	3.01950815016	44.7
6.19861275317	6.05745606442	3.01950815016	44.8
6.19861275317	6.05745606442	3.01950815016	44.9
6.19861275317	6.05745606442	3.01950815016	45.0
6.19861275317	6.05745606442	3.01950815016	45.1
6.19861275317	6.05745606442	3.01950815016	45.2
6.19861275317	6.05745606442	3.01950815016	45.3
6.19861275317	6.05745606442	3.01950815016	45.4
6.19861275317	6.05745606442	3.01950815016	45.5
6.19861275317	6.05745606442	3.01950815016	45.6
6.19861275317	6.05745606442	3.01950815016	45.7
6.19861275317	6.05745606442	3.01950815016	45.8
6.19861275317	6.05745606442	3.01950815016	45.9
6.19861275317	6.05745606442	3.01950815016	46.0
6.19861275317	6.05745606442	3.01950815016	46.1
6.19861275317	6.05745606442	3.01950815016	46.2
6.19861275317	6.05745606442	3.01950815016	46.3
6.19861275317	6.05745606442	3.01950815016	46.4
6.19861275317	6.05745606442	3.01950815016	46.5
6.19861275317	6.05745606442	3.01950815016	46.6
6.19861275317	6.05745606442	3.01950815016	46.7
6.19861275317	6.05745606442	3.01950815016	46.8
6.19861275317	6.05745606442	3.01950815016	46.9
6.19861275317	6.05745606442	3.01950815016	47.0
6.19861275317	6.05745606442	3.01950815016	47.1
6.19861275317	6.05745606442	3.01950815016	47.2
6.19861275317	6.05745606442	3.01950815016	47.3
6.19861275317	6.05745606442	3.01950815016	47.4
6.19861275317	6.05745606442	3.01950815016	47.5
6.19861275317	6.05745606442	3.01950815016	47.6
6.19861275317	6.05745606442	3.01950815016	47.7
6.19861275317	6.05745606442	3.01950815016	47.8
6.19861275317	6.05745606442	3.01950815016	47.9
6.19861275317	6.05745606442	3.01950815016	48.0
6.19861275317	6.05745606442	3.01950815016	48.1
6.19861275317	6.05745606442	3.01950815016	48.2
6.19861275317	6.05745606442	3.01950815016	48.3
6.19861275317	6.05745606442	3.01950815016	48.4
6.19861275317	6.05745606442	3.01950815016	48.5
6.19861275317	6.05745606442	3.01950815016	48.6
6.19861275317	6.05745606442	3.01950815016	48.7
6.19861275317	6.05745606442	3.01950815016	48.8
6.19861275317	6.05745606442	3.01950815016	48.9
6.19861275317	6.05745606442	3.01950815016	49.0
6.19861275317	6.05745606442	3.01950815016	49.1
6.19861275317	6.05745606442	3.01950815016	49.2
6.19861275317	6.05745606442	3.01950815016	49.3
6.19861275317	6.05745606442	3.01950815016	49.4
6.19861275317	6.05745606442	3.01950815016	49.5
6.19861275317	6.05745606442	3.01950815016	49.6
6.19861275317	6.05745606442	3.01950815016	49.7
6.19861275317	6.05745606442	3.01950815016	49.8
6.19861275317	6.05745606442	3.01950815016	49.9
6.19861275317	6.05745606442	3.01950815016	50.0
6.19861275317	6.05745606442	3.01950815016	50.1
6.19861275317	6.05745606442	3.01950815016	50.2
6.19861275317	6.05745606442	3.01950815016	50.3
6.19861275317	6.05745606442	3.01950815016	50.4
6.19861275317	6.05745606442	3.01950815016	50.5
6.19861275317	6.05745606442	3.01950815016	50.6
6.19861275317	6.05745606442	3.01950815016	50.7
6.19861275317	6.05745606442	3.01950815016	50.8
6.19861275317	6.05745606442	3.01950815016	50.9
6.19861275317	6.05745606442	3.01950815016	51.0
6.19861275317	6.05745606442	3.01950815016	51.1
6.19861275317	6.05745606442	3.01950815016	51.2
6.19861275317	6.05745606442	3.01950815016	51.3
6.19861275317	6.05745606442	3.01950815016	51.4
6.19861275317	6.05745606442	3.01950815016	51.5
6.19861275317	6.05745606442	3.01950815016	51.6
6.19861275317	6.05745606442	3.01950815016	51.7
6.19861275317	6.05745606442	3.01950815016	51.8
6.19861275317	6.05745606442	3.01950815016	51.9
6.19861275317	6.05745606442	3.01950815016	52.0
6.19861275317	6.05745606442	3.01950815016	52.1
6.19861275317	6.05745606442	3.01950815016	52.2
6.19861275317	6.05745606442	3.01950815016	52.3
6.19861275317	6.05745606442	3.01950815016	52.4
6.19861275317	6.05745606442	3.01950815016	52.5
6.19861275317	6.05745606442	3.01950815016	52.6
6.19861275317	6.05745606442	3.01950815016	52.7
6.19861275317	6.05745606442	3.01950815016	52.8
6.19861275317	6.05745606442	3.01950815016	52.9
6.19861275317	6.05745606442	3.01950815016	53.0
6.19861275317	6.05745606442	3.01950815016	53.1
6.19861275317	6.05745606442	3.01950815016	53.2
6.19861275317	6.05745606442	3.01950815016	53.3
6.19861275317	6.05745606442	3.01950815016	53.4
6.19861275317	6.05745606442	3.01950815016	53.5
6.19861275317	6.05745606442	3.01950815016	53.6
6.19861275317	6.05745606442	3.01950815016	53.7
6.19861275317	6.05745606442	3.01950815016	53.8
6.19861275317	6.05745606442	3.01950815016	53.9
6.19861275317	6.05745606442	3.01950815016	54.0
6.19861275317	6.05745606442	3.01950815016	54.1
