0.172101303675	-2.59045111796		0.1
0.185869407969	-2.7976872074		0.2
0.215398309228	-2.55501232009		0.3
0.241282134152	-2.21701139847		0.4
0.262377111946	-1.78899583408		0.5
0.277670664154	-1.27957175989		0.6
0.284767937701	-0.819191641062		0.7
0.285793082361	-0.502567517021		0.8
0.284305760597	-0.29127902569		0.9
0.281931763448	-0.152082559325		1.0
0.279362217677	-0.0611482417868		1.1
0.276872535122	-0.00239593922447		1.2
0.274560082062	0.034843820349		1.3
0.27244830757	0.0576504714554		1.4
0.270531557323	0.0707516257614		1.5
0.26879407381	0.0773309484713		1.6
0.267217829507	0.0795503556412		1.7
0.265785557356	0.0788887274512		1.8
0.264481747288	0.0763635256323		1.9
0.263292812957	0.0726773454858		2.0
0.262206948256	0.0683159106383		2.1
0.261213892666	0.0636143193468		2.2
0.260304692964	0.0588022999646		2.3
0.259471492088	0.0540354344713		2.4
0.258707352357	0.0494169015355		2.5
0.258006111071	0.0450127484487		2.6
0.257362263707	0.0408627025886		2.7
0.256770869502	0.0369878793826		2.8
0.256227474831	0.033396311463		2.9
0.25572805058	0.0300869350255		3.0
0.255268940498	0.0270524748059		3.1
0.254846818178	0.024281536734		3.2
0.254458650862	0.0217601265131		3.3
0.254101668653	0.0194727495455		3.4
0.253773338097	0.0174032037895		3.5
0.253471339266	0.0155351463046		3.6
0.253193545734	0.0138524923823		3.7
0.252938006926	0.0123396905338		3.8
0.252702932463	0.010981905346		3.9
0.252486678178	0.00976513204012		4.0
0.252287733573	0.00867626057614		4.1
0.252104710513	0.00770310272994		4.2
0.251936332985	0.00683439228018		4.3
0.251781427814	0.00605976598224		4.4
0.251638916202	0.00536973114737		4.5
0.251507806019	0.00475562423632		4.6
0.251387184749	0.00420956379968		4.7
-0.0162289860833	-2.85916296611		4.8
0.0231304872821	-3.13094080851		4.9
0.0652031568506	-3.29758698665		5.0
0.108286899025	-3.34653047482		5.1
0.150595242901	-3.26972234514		5.2
0.190326509399	-3.06401708638		5.3
0.237826143347	-2.22730745086		5.4
0.257994519442	-2.27253956013		5.5
0.279755172385	-1.70650880367		5.6
0.292924111982	-1.04993189274		5.7
0.295049211141	-0.543619281637		5.8
0.291878374706	-0.213360790428		5.9
0.287171646899	-0.000370311505544		6.0
0.282373534541	0.137385735187		6.1
0.277983452261	0.22679396514		6.2
0.274136325497	0.284625213128		6.3
0.270831768464	0.321388069643		6.4
0.268022920488	0.3437709147		6.5
0.265650536293	0.356116562604		6.6
0.263655711923	0.361307269005		6.7
0.261984263988	0.361300567297		6.8
0.26058788563	0.357458281594		6.9
0.259424107159	0.350751670655		7.0
0.258378808498	0.339462499341		7.1
0.257573650056	0.329727338454		7.2
0.256905797735	0.318570022772		7.3
0.256350674621	0.30637155415		7.4
0.255887319576	0.293432909658		7.5
0.255497970288	0.279995800527		7.6
0.235157632374	0.172275062423		7.7
0.254881630597	0.247385392773		7.8
0.254624253958	0.23492941533		7.9
0.254398384761	0.222198273066		8.0
0.25419622761	0.209380181341		8.1
0.254011653445	0.196621980321		8.2
0.253839919454	0.184037914657		8.3
0.233551916693	0.11033498429		8.4
0.253522098106	0.155265216276		8.5
0.253364896893	0.144916606602		8.6
0.253213226965	0.134655677566		8.7
0.253065618778	0.124591462118		8.8
0.252921147631	0.114803102501		8.9
0.252779297116	0.105346753261		9.0
0.252639849932	0.0962608890633		9.1
0.252502801397	0.087570405962		9.2
0.252368291595	0.0792898038895		9.3
0.252236552723	0.0714256650216		9.4
0.252107868739	0.0639785892006		9.5
0.231834673584	0.0357563627093		9.6
0.251853274805	0.0477869769409		9.7
0.251735051974	0.0422648882044		9.8
0.251621447476	0.0369451758398		9.9
0.251512538554	0.031861341972		10.0
0.25140840662	0.0270350094299		10.1
0.251309122577	0.022479020178		10.2
0.271315968682	0.0262669533373		10.3
0.249517903539	0.0113652386882		10.4
0.249561563792	0.00845106175083		10.5
0.249600023099	0.00559255311613		10.6
0.229666044148	0.00100530805391		10.7
0.249666738352	-0.000752289035312		10.8
0.24969321383	-0.00292581365227		10.9
0.249718920095	-0.00576192620154		11.0
0.249740046172	-0.00746889460514		11.1
0.249759156224	-0.00907309922424		11.2
0.24977655026	-0.0105496831927		11.3
0.2497924845	-0.0118816316513		11.4
0.249807174992	-0.0130577777119		11.5
0.249820801437	-0.0140712951327		11.6
0.249833511085	-0.0149185617524		11.7
0.249845422588	-0.0155983048828		11.8
0.249856629715	-0.0161109607313		11.9
0.249867204874	-0.0164581959536		12.0
0.249877202411	-0.0166425517341		12.1
0.249886661655	-0.0166671802194		12.2
0.249896363601	-0.0165444245717		12.3
0.249904758708	-0.0162581346403		12.4
0.249912674555	-0.0158241683456		12.5
0.24992011551	-0.0152464840803		12.6
0.249927082442	-0.0145291200858		12.7
0.24993357434	-0.0136761480232		12.8
0.249939589735	-0.0126916400653		12.9
0.249945127933	-0.0115796459147		13.0
0.249950712116	-0.00994710735478		13.1
0.249955223415	-0.00870213392418		13.2
0.249959287999	-0.00731362372697		13.3
0.249962913255	-0.00579225600732		13.4
0.249966112176	-0.00414700999024		13.5
0.269966101835	-0.00386644622247		13.6
0.248371539256	5.43868219798e-06		13.7
0.248501564448	0.00183673689335		13.8
0.24862104824	0.00380630229735		13.9
0.248740321734	0.00659867262533		14.0
0.248840496761	0.00860928399596		14.1
0.248932604695	0.0107688147225		14.2
0.24901733502	0.0130572222922		14.3
0.249095333715	0.0154584976616		14.4
0.24916720672	0.0179597073338		14.5
0.249233523084	0.0205502523252		14.6
0.249294817846	0.0232212947019		14.7
0.249351594658	0.0259653133359		14.8
0.249404328179	0.0287757591224		14.9
0.249453466244	0.0316467866233		15.0
0.249499431823	0.034573044355		15.1
0.24954262477	0.0375495100297		15.2
0.249583423381	0.0405713602505		15.3
0.249622185757	0.043633866643		15.4
0.249659250993	0.0467323123367		15.5
0.249694940182	0.049861924215		15.6
0.249729557251	0.0530178175228		15.7
0.249763389641	0.0561949503324		15.8
0.24979808198	0.0605216456679		15.9
0.249831504043	0.0634113825829		16.0
0.2498648108	0.0663855445874		16.1
0.249898246047	0.0694187375522		16.2
0.249932034949	0.0724899311433		16.3
0.249966384493	0.075581349772		16.4
0.250001483672	0.0786776282632		16.5
0.250037503477	0.0817651717012		16.6
0.250074596728	0.0848316731649		16.7
0.270057690022	0.118172936852		16.8
0.248575176531	0.0802950589273		16.9
0.248736377851	0.0863081281613		17.0
0.248890535206	0.091459756877		17.1
0.249038295448	0.0959350480964		17.2
0.249180210095	0.0998734124611		17.3
0.249316763782	0.103379135703		17.4
0.249448388862	0.106529573736		17.5
0.26943561713	0.147356247672		17.6
0.248137686138	0.0987636663963		17.7
0.248372033627	0.104962207664		17.8
0.248595317792	0.109961490624		17.9
0.248808171023	0.114015649918		18.0
0.249011117233	0.117317963944		18.1
0.249204616646	0.120014908687		18.2
0.249402249837	0.12317534936		18.3
0.249577889486	0.12469945426		18.4
0.249745087635	0.125942134575		18.5
0.249904214976	0.126934000973		18.6
0.250055605361	0.127697819453		18.7
0.250199557172	0.128250662565		18.8
0.250336335284	0.128605554081		18.9
0.250466173589	0.128772718807		19.0
0.250589277964	0.128760524625		19.1
0.250705829568	0.128576184661		19.2
0.250815988342	0.128226272495		19.3
0.250919896592	0.12771709178		19.4
0.251017682556	0.127054932632		19.5
0.251109463854	0.126246240234		19.6
0.251195350756	0.125297715719		19.7
0.251275449193	0.124216365239		19.8
0.251349863473	0.12300950993		19.9
0.251418698657	0.121684766899		20.0
0.251482062583	0.120250009427		20.1
0.251540067526	0.118713312955		20.2
0.251592831486	0.117082892158		20.3
0.251640479129	0.115367033347		20.4
0.271705915091	0.155045458136		20.5
0.291740532131	0.197321464661		20.6
0.311743221277	0.242121345888		20.7
0.243889713964	0.0298589080912		20.8
0.264013731433	0.0603050368369		20.9
0.28411428961	0.0930872160817		21.0
0.304190524223	0.128136588317		21.1
0.236773675638	0.0499015526622		21.2
0.237958501454	0.0633951137743		21.3
0.258049558882	0.0944982718047		21.4
0.278119105436	0.127618267769		21.5
0.298166672208	0.162693030363		21.6
0.234362696166	0.0456725781275		21.7
0.254461120107	0.0725271534888		21.8
0.274541884133	0.101170613527		21.9
0.294604679628	0.131546519899		22.0
0.0976633936952	2.47024109381		22.1
0.110597725194	2.68816406685		22.2
0.123532056693	2.90608703989		22.3
0.136466388192	3.12401001293		22.4
0.224969398819	1.63561863188		22.5
0.244399926491	1.7033133162		22.6
0.263830454163	1.77100800052		22.7
0.283260981834	1.83870268485		22.8
0.302691509506	1.90639736917		22.9
0.267389577031	-0.686015663015		23.0
0.285894499724	-0.794406335964		23.1
0.304399422417	-0.902797008914		23.2
0.322904345111	-1.01118768186		23.3
0.23433087477	-0.571841181908		23.4
0.253904933858	-0.630493061936		23.5
0.273478992945	-0.689144941964		23.6
0.293053052032	-0.747796821993		23.7
0.312627111119	-0.806448702021		23.8
0.228332943265	0.448210670417		23.9
0.219684206546	0.74102864715		24.0
0.23923391567	0.801315162328		24.1
0.258783624794	0.861601677506		24.2
0.278333333918	0.921888192684		24.3
0.250635837402	0.0909113717718		24.4
0.270631100372	0.0846932484564		24.5
0.290626363341	0.078475125141		24.6
0.310621626311	0.0722570018256		24.7
0.24182156069	-0.436308323664		24.8
0.26162765731	-0.475997258759		24.9
0.28143375393	-0.515686193854		25.0
0.301239850549	-0.555375128949		25.1
0.212621452086	0.0654961211943		25.2
0.232594678424	0.0802749647983		25.3
0.252567904761	0.0950538084023		25.4
0.272541131099	0.109832652006		25.5
0.292514357436	0.12461149561		25.6
0.211624727961	-0.0294417282659		25.7
0.214699460043	-0.0192053258074		25.8
0.234698946485	-0.0171578247159		25.9
0.254698432926	-0.0151103236243		26.0
0.274697919368	-0.0130628225328		26.1
0.238370072142	0.00808651180688		26.2
0.0451546898769	3.21578141919		26.3
0.0926406003882	3.30443089133		26.4
0.127701157101	3.38556581249		26.5
0.155410351373	3.48480570298		26.6
0.216845391652	2.39837865265		26.7
0.23963242978	2.38442903848		26.8
0.261291603855	2.39329563997		26.9
0.263463927261	-0.0642745203872		27.0
0.260609013112	-0.179952671265		27.1
0.258446787179	-0.23953422356		27.2
0.277079623978	-0.350870572589		27.3
0.295845860263	-0.4537328997		27.4
0.314741577218	-0.549155017103		27.5
0.270295959061	-0.209087467886		27.6
0.289930125709	-0.262941989091		27.7
0.309629907189	-0.311293090976		27.8
0.329388141518	-0.354756077953		27.9
0.255336735121	0.170264660443		28.0
0.275341197907	0.172561400179		28.1
0.295349908753	0.177650072103		28.2
0.315360376559	0.184673086173		28.3
0.219690134383	0.0951573491397		28.4
0.239706883799	0.0933606761406		28.5
0.259719598213	0.0906007572		28.6
0.27972569478	0.0858584661677		28.7
0.29972255244	0.0781175846232		28.8
0.191714911778	-0.121266573289		28.9
0.211594635619	-0.152818740715		29.0
0.231430068593	-0.190273245423		29.1
0.251209313279	-0.234561061624		29.2
0.27091725324	-0.286615016157		29.3
0.235965659093	-0.139124824059		29.4
0.25572009407	-0.193465366299		29.5
0.275371411041	-0.258821966265		29.6
0.294883310619	-0.336571727735		29.7
0.314207053092	-0.428391510748		29.8
0.229098298822	-0.0711887778838		29.9
0.248757518464	-0.164813211747		30.0
0.268127887711	-0.28179755047		30.1
0.203942897424	-0.107134289524		30.2
0.207148580192	-0.232849148025		30.3
0.209880058179	-0.36818674996		30.4
0.227447428555	-0.638631545491		30.5
0.242113681037	-1.0159334074		30.6
0.250237456917	-1.56178048183		30.7
0.216728367802	-1.7519589196		30.8
0.124847165415	2.24930891493		30.9
0.148365869795	2.35468915922		31.0
0.168285122657	2.49085977583		31.1
0.142646051845	2.47552500001		31.2
0.159512884375	2.63230070872		31.3
0.174764509118	2.81729555509		31.4
0.18855905004	3.02743118701		31.5
0.236252863895	2.30095377923		31.6
0.258469915647	0.783089212315		31.7
0.262012696135	0.581688472987		31.8
0.282599543531	0.669211122742		31.9
0.303008879922	0.773704299787		32.0
0.323168557821	0.890821389047		32.1
0.28481324926	0.178370938777		32.2
0.30578014354	0.250294841325		32.3
0.326507910844	0.321550120636		32.4
0.221098440771	-0.412130330231		32.5
0.241824424409	-0.411714542337		32.6
0.262265100782	-0.42182349852		32.7
0.282437200072	-0.444601703449		32.8
0.302358559634	-0.481438008633		32.9
0.237105180372	0.145480393172		33.0
0.238213125372	0.0796112698984		33.1
0.239067146349	0.0180075934053		33.2
0.258871859099	-0.0307378343863		33.3
0.278607213496	-0.0888194922794		33.4
0.298283306183	-0.152537951665		33.5
0.232247735773	-0.129602582645		33.6
0.25200779839	-0.182288444613		33.7
0.271830104109	-0.223324210968		33.8
0.291776882364	-0.244722706848		33.9
0.228543344966	0.0485583000264		34.0
0.24851656836	0.118012640624		34.1
0.268271018081	0.238880916814		34.2
0.287440311635	0.423563598834		34.3
0.305383582835	0.683203923862		34.4
0.149476024326	2.59535049058		34.5
0.16509095288	2.77387848888		34.6
0.180705881434	2.95240648718		34.7
0.196320809987	3.13093448548		34.8
0.256924057772	1.18278657648		34.9
0.264437410502	0.755602981333		35.0
0.284386080396	0.735146110575		35.1
0.30433475029	0.714689239817		35.2
0.324283420184	0.694232369059		35.3
0.344232090079	0.673775498301		35.4
0.271022613497	-0.645602876975		35.5
0.289714544842	-0.747234165916		35.6
0.308406476188	-0.848865454857		35.7
0.327098407533	-0.950496743798		35.8
0.257242647101	-0.480649341124		35.9
0.276816176337	-0.539337297032		36.0
0.296389705574	-0.59802525294		36.1
0.31596323481	-0.656713208848		36.2
0.245959986563	0.327283870164		36.3
0.265935021307	0.341555198379		36.4
0.285910056051	0.355826526594		36.5
0.305885090796	0.370097854809		36.6
0.213842723614	0.174783811628		36.7
0.23383704301	0.167974575936		36.8
0.253831362406	0.161165340243		36.9
0.273825681803	0.154356104551		37.0
0.293820001199	0.147546868858		37.1
0.213770964602	-0.160390104838		37.2
0.216744795645	-0.140720676853		37.3
0.236665532707	-0.166132528888		37.4
0.25658626977	-0.191544380923		37.5
0.276507006832	-0.216956232958		37.6
0.218059868114	0.00885340139239		37.7
0.238056797363	0.00384686255549		37.8
0.258053726612	-0.00115967628141		37.9
0.278050655861	-0.00616621511831		38.0
0.218669451345	-0.0138337807441		38.1
0.238666189357	-0.0189938487757		38.2
0.258662927369	-0.0241539168073		38.3
0.278659665381	-0.0293139848389		38.4
0.219094993069	-0.00430222967456		38.5
0.239094103512	-0.00699695170189		38.6
0.259093213955	-0.00969167372921		38.7
0.279092324399	-0.0123863957565		38.8
0.299091434842	-0.0150811177839		38.9
0.234617755239	0.0051377750453		39.0
0.254617626159	0.00411127258884		39.1
0.274617497079	0.0030847701324		39.2
0.294617368	0.00205826767596		39.3
0.229581683638	0.00280956611717		39.4
0.249581573545	0.0018615574781		39.5
0.269581463451	0.000913548838996		39.6
0.289581353358	-3.44598000801e-05		39.7
0.202945636457	-0.00384146160659		39.8
0.222945470084	-0.00500685390538		39.9
0.242945303711	-0.00617224620419		40.0
0.262945137338	-0.007337638503		40.1
0.187367557884	0.000912402673386		40.2
0.207367545579	0.00059545974301		40.3
0.210778130414	9.92169680831e-05		40.4
0.230778116752	-0.000234739086781		40.5
0.25077810309	-0.000568695141618		40.6
0.270778089428	-0.000902651196507		40.7
0.290778075766	-0.00123660725134		40.8
0.233729081375	-0.00101097199783		40.9
0.253729071211	-0.00129901755262		41.0
0.273729061047	-0.0015870631074		41.1
0.293729050883	-0.00187510866217		41.2
0.225007940551	-0.000209643038692		41.3
0.245007938321	-0.000344565918316		41.4
0.265007936091	-0.000479488797922		41.5
-0.254719569083	0.0030266681737		41.6
-0.357019847692	0.00185818694604		41.7
-0.377019847363	0.0019100010756		41.8
-0.397019847035	0.00196181520515		41.9
-0.417019846706	0.00201362933473		42.0
-0.3261572387	0.00678780068408		42.1
-0.346157227527	0.00708980536915		42.2
-0.366157216354	0.00739181005422		42.3
-0.386157205181	0.00769381473927		42.4
-0.346702396171	0.0124301346183		42.5
-0.280421866879	0.0226488972838		42.6
-0.300421696764	0.0238273231267		42.7
-0.320421526649	0.0250057489696		42.8
-0.340421356534	0.0261841748125		42.9
-0.229614595745	0.0655795172425		43.0
-0.231206557271	0.0912401886452		43.1
-0.251202333424	0.0971118789435		43.2
-0.271198109576	0.102983569242		43.3
-0.291193885728	0.10885525954		43.4
-0.311189661881	0.114726949839		43.5
-0.247029101719	0.280163005278		43.6
-0.266992423926	0.297458554103		43.7
-0.286955746133	0.314754102928		43.8
-0.306919068341	0.332049651752		43.9
-0.23405026531	0.727165739987		44.0
-0.253790710754	0.773046716612		44.1
-0.273531156197	0.818927693237		44.2
-0.293271601641	0.864808669862		44.3
-0.203750738238	1.81441067223		44.4
-0.221997704951	1.93138634191		44.5
-0.240244671664	2.04836201159		44.6
-0.258491638378	2.16533768128		44.7
-0.0188476875339	3.7121810381		44.8
-0.027261098677	3.97138488702		44.9
-0.0356745098202	4.23058873594		45.0
-0.0440879209633	4.48979258485		45.1
-0.0525013321064	4.74899643377		45.2
0.217056172226	4.08262542686		45.3
0.251673318562	3.83568818578		45.4
0.261407061886	4.08528142259		45.5
0.271140805209	4.3348746594		45.6
0.280874548532	4.5844678962		45.7
0.290608291856	4.83406113301		45.8
0.374403794369	2.04147595312		45.9
0.392548063793	2.16166754088		46.0
0.410692333217	2.28185912864		46.1
0.428836602642	2.4020507164		46.2
0.30712370675	-1.81995807386		46.3
0.325902822772	-1.91825458639		46.4
0.344681938793	-2.01655109892		46.5
0.363461054815	-2.11484761145		46.6
0.303585275579	0.866802790024		46.7
0.30314118568	0.572207771119		46.8
0.300546974033	0.38136572392		46.9
0.320369804121	0.419311462008		47.0
0.340192634209	0.457257200097		47.1
0.360015464298	0.495202938185		47.2
0.304947346792	-0.0589344587354		47.3
0.324946797683	-0.0568172765552		47.4
0.344946248574	-0.0547000943749		47.5
0.364945699465	-0.0525829121947		47.6
0.277859769422	-0.227873841353		47.7
0.297853487256	-0.235034493063		47.8
0.31784720509	-0.242195144772		47.9
0.337840922924	-0.249355796482		48.0
0.357834640758	-0.256516448192		48.1
0.250413041839	0.155915477337		48.2
0.270355856054	0.177506108215		48.3
0.290298670269	0.199096739093		48.4
0.310241484485	0.220687369971		48.5
0.212444790714	0.08982171526		48.6
0.0052494818839	3.25584202817		48.7
0.0135084150483	3.5185592188		48.8
0.021665882477	3.78133738334		48.9
0.186359319998	3.040360658		49.0
0.20358553101	3.18725825563		49.1
0.220709775635	3.33595493779		49.2
0.237727950568	3.48664832638		49.3
0.254637263006	3.63948818686		49.4
0.309902816728	1.16539406914		49.5
0.329879875105	1.15261374391		49.6
0.349863531288	1.14265927487		49.7
0.369854342154	1.13551619004		49.8
0.389852254862	1.13113996182		49.9
0.29865955144	-1.16297588556		50.0
0.316621655798	-1.28895894761		50.1
0.334664997681	-1.41274111303		50.2
0.352784299803	-1.53443182182		50.3
0.370973775867	-1.65415322117		50.4
0.280175097353	0.00732162235845		50.5
0.300210554988	0.00983842845447		50.6
0.320247852663	0.0140613139473		50.7
0.340285589894	0.0198075010431		50.8
0.227275797763	0.746823606551		50.9
0.232342402504	0.552169850172		51.0
0.252265631394	0.583412685903		51.1
0.272181668133	0.615399620856		51.2
0.292091217697	0.647931073258		51.3
0.255453677834	-0.00618009048285		51.4
0.275451473006	-0.0231910463528		51.5
0.295445283702	-0.0402547645523		51.6
0.315433947946	-0.0575761245951		51.7
0.220013592879	-0.320189674413		51.8
0.239894422322	-0.353476174278		51.9
0.25976373355	-0.387639567373		52.0
0.279619683403	-0.422892875797		52.1
0.221392282016	0.0716411618429		52.2
0.223712822606	0.0529564032501		52.3
0.225831515793	0.0362616989792		52.4
0.245827472763	0.0331325915281		52.5
0.265819944729	0.0277594398188		52.6
0.285808193383	0.0198967513671		52.7
0.224081558748	-0.0413467841335		52.8
0.244043256404	-0.0587716829608		52.9
0.263993252687	-0.0794692901523		53.0
0.283928861821	-0.103719329172		53.1
0.303846785218	-0.131811682781		53.2
0.24267231424	-0.0558661039039		53.3
0.26260684578	-0.0845001765668		53.4
0.282518675478	-0.117922301177		53.5
0.302401744088	-0.156468795094		53.6
0.230373105911	-0.0234644845415		53.7
0.250316905216	-0.0600793898132		53.8
0.27022674521	-0.102921530185		53.9
0.290092468965	-0.152373891847		54.0
0.225976978689	-0.0815104081114		54.1
0.245858746815	-0.135650934666		54.2
0.265673959199	-0.197617846617		54.3
0.285405768303	-0.267810370943		54.4
0.305035067649	-0.346619122625		54.5
0.2210949343	-0.131246657331		54.6
0.240952168064	-0.204988656128		54.7
0.260692473171	-0.288566566187		54.8
0.280289211729	-0.382289371949		54.9
0.221075108639	-0.164989908384		55.0
0.201479764213	-0.0876640521306		55.1
0.22153176893	-0.172737478195		55.2
0.241426312304	-0.268995630203		55.3
0.261130000678	-0.376440139937		55.4
0.228941388547	-0.312938143345		55.5
0.248615990154	-0.427617497532		55.6
0.268042255506	-0.553032448842		55.7
0.28719094818	-0.688759837124		55.8
0.306036589894	-0.834268451092		55.9
0.231168239503	-0.148394304334		56.0
0.251435971539	-0.249610207078		56.1
0.271483931641	-0.359421357639		56.2
0.201452922677	0.316959254251		56.3
0.206839783318	0.165092202588		56.4
0.211102298313	0.0407416622931		56.5
0.231571596155	-0.0446393037194		56.6
0.251861923884	-0.135164714967		56.7
0.271974474276	-0.230077145232		56.8
0.216773169117	-0.241950347856		56.9
0.236739333096	-0.33562103122		57.0
0.256557010049	-0.431729182998		57.1
0.276237994673	-0.529698713964		57.2
0.295795508433	-0.629000143579		57.3
0.236556530539	-0.162730876663		57.4
0.256755456208	-0.220042497085		57.5
0.276875321926	-0.277500112683		57.6
0.29692665385	-0.334677316006		57.7
0.232803095007	0.109502635708		57.8
0.253081893896	0.0912054665394		57.9
0.27331018907	0.0743226153618		58.0
0.293494084137	0.0592760328999		58.1
0.20568765956	0.068209115387		58.2
0.22579890768	0.058168177845		58.3
0.245880466863	0.0513329185031		58.4
0.265935598153	0.0482201192157		58.5
0.231797320747	-0.0147663002339		58.6
0.211985992627	-0.0251844291398		58.7
0.215025770363	-0.0118272248756		58.8
0.235001682868	0.000860329760898		58.9
0.254954270669	0.0207494977492		59.0
0.274875922417	0.048805997029		59.1
0.294754852112	0.086126617941		59.2
0.236236244815	0.114521544017		59.3
0.255994897438	0.172649637617		59.4
0.275640571053	0.24437167581		59.5
0.295127192724	0.331568744284		59.6
0.23076379892	0.213352253066		59.7
0.250224413359	0.321284144082		59.8
0.269361715338	0.452348744711		59.9
0.288034990757	0.609685695684		60.0
0.222568138377	0.283944770657		60.1
0.241713467191	0.466707900083		60.2
0.260009231074	0.687815963643		60.3
0.277086461221	0.950392274553		60.4
0.224125841223	0.535661476865		60.5
0.242059593223	0.837979667855		60.6
0.257965950024	1.18531725805		60.7
0.107808287496	-2.93548484099		60.8
0.125717845024	-3.12987748309		60.9
0.0054903512136	-3.59497174241		61.0
0.0157434021576	-3.84843534404		61.1
0.024101064344	-4.11001294404		61.2
0.0307383992533	-4.37961209852		61.3
0.235155973847	-3.13976117333		61.4
0.266195284111	-2.7442402194		61.5
0.283787391367	-2.89157333016		61.6
0.300800506638	-3.05848440141		61.7
0.317193696227	-3.24364216895		61.8
0.332932099096	-3.44541689704		61.9
0.346793990766	-0.52937495609		62.0
0.367848376185	-0.593521195746		62.1
0.388784944452	-0.670801538423		62.2
0.291439593293	0.936548829577		62.3
0.313014428489	0.944077145376		62.4
0.334460273675	0.94697499987		62.5
0.355713450795	0.948449606976		62.6
0.376733274159	0.951673010393		62.7
0.293944391939	-0.868058982183		62.8
0.313403223817	-0.961590393735		62.9
0.332876715526	-1.04435419274		63.0
0.257643442926	-0.420357626956		63.1
0.252756260787	-0.0446175431693		63.2
0.272497729487	0.00121375050905		63.3
0.292028309084	0.0650222869147		63.4
0.3113143212	0.148137004187		63.5
0.330306051145	0.251608042135		63.6
0.23602667688	0.281209344305		63.7
0.236364899722	0.324589127528		63.8
0.254684546848	0.476754621991		63.9
0.272486048925	0.649567749497		64.0
0.289692680715	0.841562754801		64.1
0.231900431175	0.221343430388		64.2
0.250911250171	0.387429051668		64.3
0.26944334668	0.566735723346		64.4
0.287487300506	0.755947676863		64.5
0.305068605494	0.951667002648		64.6
0.249424590898	0.410691870259		64.7
0.268639241144	0.559948614035		64.8
0.287600236789	0.707413631363		64.9
0.3063825971	0.850487265169		65.0
0.244340739706	-0.0540073670806		65.1
0.264691519908	-0.000386503548583		65.2
0.284910104445	0.0421430263169		65.3
0.305032792335	0.070948337806		65.4
0.21194728616	-0.295960120585		65.5
0.231806127293	-0.330064835363		65.6
0.251433264871	-0.388732286063		65.7
0.270736621021	-0.477587010206		65.8
0.215759684826	-0.0894442509571		65.9
0.218245473661	-0.194523613034		66.0
0.220322121444	-0.324852570956		66.1
0.238389930473	-0.588710908437		66.2
0.118621891398	2.73388304796		66.3
0.144654602771	2.84077320426		66.4
0.103676808449	2.98931486082		66.5
0.127162718116	3.08546076303		66.6
0.149521954444	3.1832566034		66.7
0.170919162976	3.2846336111		66.8
0.19151110487	3.39062303634		66.9
0.276175810106	1.26863313654		67.0
0.296627131965	1.20014715757		67.1
0.316912885648	1.13985824012		67.2
0.337084697335	1.0871387368		67.3
0.264172031457	-1.28176741486		67.4
0.28023826414	-1.45740654265		67.5
0.296500603686	-1.62726534319		67.6
0.312964627586	-1.79159744965		67.7
0.24656653982	-0.206806768514		67.8
0.266505008325	-0.231926311815		67.9
0.286461743408	-0.250942267088		68.0
0.306437644991	-0.263793078155		68.1
0.326431722345	-0.270381622215		68.2
0.231942910649	0.215846647113		68.3
0.23353846988	0.185080740225		68.4
0.253371433505	0.226819603337		68.5
0.273154507244	0.275370682167		68.6
0.292878085953	0.330882257533		68.7
0.229697052828	0.0188724326081		68.8
0.249663496788	0.0599273783057		68.9
0.269587332719	0.108405851206		69.0
0.289455468436	0.164399352182		69.1
0.228141913803	0.121866555112		69.2
0.229887351979	0.144443543735		69.3
0.249719731716	0.211184269276		69.4
0.269461297021	0.285469605187		69.5
0.289097587756	0.367174840708		69.6
0.227569816586	0.102529785862		69.7
0.247522293341	0.170751114318		69.8
0.267378985644	0.245839633695		69.9
0.287128461377	0.327456356093		70.0
0.306761262762	0.415208454025		70.1
0.245911944655	0.183986929711		70.2
0.265807041635	0.258881802462		70.3
0.285600099363	0.338615338537		70.4
0.30528880948	0.422650702647		70.5
0.238775844675	0.0457021352954		70.6
0.258880189644	0.10279241293		70.7
0.278911120086	0.162653586011		70.8
0.298871203999	0.224725902164		70.9
0.318764875887	0.288462358408		71.0
0.229139993886	-0.0287022526191		71.1
0.249268094058	0.00945680969392		71.2
0.269352352555	0.0478302359653		71.3
0.28939840326	0.08595983599		71.4
0.202679208405	-0.0128956661426		71.5
0.206531230239	0.0168589440131		71.6
0.226573438569	0.0417565327755		71.7
0.246597630695	0.0648972249072		71.8
0.266608568736	0.0859785696882		71.9
0.233897836709	0.0704354321322		72.0
0.253904647896	0.0838043384469		72.1
0.273907195689	0.0944052876519		72.2
0.293907633688	0.102069697541		72.3
0.31390741808	0.106664852762		72.4
0.228186524452	-0.0598636203664		72.5
0.248162169992	-0.0741252179474		72.6
0.268127791504	-0.0916193521647		72.7
0.20349507578	-0.0810174964244		72.8
0.207227643488	-0.0774717297549		72.9
0.21066030564	-0.0752926712243		73.0
0.230626562568	-0.0970512362001		73.1
0.250583338332	-0.12141905904		73.2
0.270529789512	-0.148114848956		73.3
0.23536726583	-0.0711509365691		73.4
0.255346221353	-0.0930557851178		73.5
0.275318042677	-0.11610010755		73.6
0.295283474418	-0.139764642835		73.7
0.232553128281	-0.000973524031398		73.8
0.252561920809	-0.0118326965817		73.9
0.272566984268	-0.0213676828451		74.0
0.292569385554	-0.0287934452812		74.1
0.312570247344	-0.0332535436133		74.2
0.221422812573	0.102562325347		74.3
0.241401142846	0.116382534688		74.4
0.26136343419	0.136188460862		74.5
0.281303313347	0.16314645206		74.6
0.196167801794	0.0457246944308		74.7
0.200487581803	0.0639063152126		74.8
0.220462291746	0.10504329573		74.9
0.240388543459	0.158831929691		75.0
0.260234328529	0.22680825378		75.1
0.207070582406	0.130759200336		75.2
0.226974357622	0.216123750058		75.3
0.246699983408	0.320372345225		75.4
0.176132181211	-2.57877258458		75.5
0.189563267097	-2.79047411298		75.6
0.153070617231	-2.84305364203		75.7
0.167784061634	-3.03657870438		75.8
0.182497506037	-3.23010376673		75.9
0.255438369561	-0.537040937633		76.0
0.194066606564	1.58911125073		76.1
0.209748267707	1.76644151094		76.2
0.22542992885	1.94377177114		76.3
0.241111589992	2.12110203135		76.4
0.233691180138	0.946828799089		76.5
0.253059273455	1.01808138412		76.6
0.272427366771	1.08933396915		76.7
0.1938741489	-0.829714800273		76.8
0.212862670779	-0.919426398132		76.9
0.231851192657	-1.00913799599		77.0
0.250839714535	-1.09884959385		77.1
0.269828236414	-1.18856119171		77.2
0.288816758292	-1.27827278957		77.3
0.218690946895	0.668043857197		77.4
0.2236027026	0.521115262681		77.5
0.24333686269	0.567544769312		77.6
0.263071022781	0.613974275942		77.7
0.282805182871	0.660403782572		77.8
0.248581568601	0.0588154381198		77.9
0.268581073507	0.0568050804291		78.0
0.288580578412	0.0547947227385		78.1
0.308580083318	0.0527843650478		78.2
0.240739900395	-0.302043124001		78.3
0.260658742421	-0.327756347571		78.4
0.280577584447	-0.353469571142		78.5
0.300496426473	-0.379182794712		78.6
0.21067291373	0.0448954945532		78.7
0.230656230022	0.0565632590746		78.8
0.250639546314	0.068231023596		78.9
0.270622862606	0.0798987881174		79.0
0.290606178898	0.0915665526388		79.1
0.210427257271	-0.0169365491785		79.2
0.213594096873	-0.00984493524521		79.3
0.233593386788	-0.00743734145499		79.4
0.253592676704	-0.00502974766477		79.5
0.273591966619	-0.00262215387454		79.6
0.237528206051	0.00812020322111		79.7
0.257527070157	0.0111652542666		79.8
0.277525934264	0.014210305312		79.9
0.29752479837	0.0172553563575		80.0
0.210031816902	0.00419069652391		80.1
0.230031475264	0.00586068241555		80.2
0.250031133627	0.00753066830717		80.3
0.270030791989	0.00920065419882		80.4
0.290030450352	0.0108706400904		80.5
0.210019118431	-0.000584111537044		80.6
0.206816517722	-0.00320168176632		80.7
0.22681650787	-0.00291808588739		80.8
0.246816498017	-0.00263449000847		80.9
0.266816488165	-0.00235089412956		81.0
0.21103520013	0.00180323450629		81.1
0.2310351559	0.00240412004		81.2
0.25103511167	0.00300500557373		81.3
0.271035067439	0.00360589110744		81.4
0.20944142702	0.00217867416773		81.5
0.229441406379	0.00258915650059		81.6
0.249441385738	0.00299963883344		81.7
0.269441365098	0.00341012116629		81.8
0.289441344457	0.00382060349915		81.9
0.209664917389	-0.00106317026706		82.0
0.229664917349	-0.00108120762633		82.1
0.249664917309	-0.00109924498559		82.2
0.269664917269	-0.00111728234487		82.3
0.212972154017	0.00038052398755		82.4
0.215934381446	0.000369700758384		82.5
0.235934380324	0.000465388575507		82.6
0.0125251639364	3.75268904193		82.7
0.0305831433643	3.99544831013		82.8
0.0568659263335	4.15432273725		82.9
0.0755727856012	4.3446800307		83.0
0.0934891235511	4.53398678399		83.1
0.110706706143	4.72362571148		83.2
0.12731358103	4.91450903328		83.3
0.327527151623	2.31785792752		83.4
0.348210880381	2.29805191956		83.5
0.36872272432	2.28417931879		83.6
0.321217561968	-0.981618592526		83.7
0.318218960432	-0.712037463161		83.8
0.31373518747	-0.538309960229		83.9
0.331999794797	-0.658908817518		84.0
0.350367230355	-0.774609109275		84.1
0.368843625525	-0.885471106155		84.2
0.316087893922	-0.0940471063739		84.3
0.335781175427	-0.144150855729		84.4
0.355528970708	-0.189079883263		84.5
0.375331908388	-0.228726300112		84.6
0.255410130226	0.452854978232		84.7
0.27539746527	0.466910691165		84.8
0.295374936761	0.486730202632		84.9
0.315337123735	0.5124722218		85.0
0.335277514864	0.544297140376		85.1
0.237785544505	-0.427721110752		85.2
0.239934755319	-0.307552003188		85.3
0.260072611564	-0.314870917214		85.4
0.280247992641	-0.315505956107		85.5
0.300451428665	-0.30932417401		85.6
0.320672470503	-0.296215392824		85.7
0.256113316071	0.238261914792		85.8
0.275944296128	0.300958762991		85.9
0.29569573669	0.370641998182		86.0
0.315354973725	0.447261612887		86.1
0.244882543457	0.319070754927		86.2
0.264671282913	0.392036235146		86.3
0.284360952333	0.471617224493		86.4
0.303940895741	0.557589714579		86.5
0.239881973058	0.0504782579468		86.6
0.260042471658	0.104554245313		86.7
0.280130949931	0.164311357114		86.8
0.300139511823	0.229374116799		86.9
0.23406143834	-0.0498396050339		87.0
0.254274141234	-0.000520115935542		87.1
0.274419845851	0.0529015176728		87.2
0.294495792801	0.109955542169		87.3
0.206155504704	0.0447533404503		87.4
0.226230129378	0.0978587552717		87.5
0.246243222386	0.153184713588		87.6
0.266197888367	0.210256212111		87.7
0.286098543863	0.2686092191		87.8
0.211653773729	0.103912738353		87.9
0.231696962501	0.144574192005		88.0
0.234894688631	0.150393623446		88.1
0.254901097787	0.187724127761		88.2
0.274882884139	0.224296327336		88.3
0.237948403637	0.0855564808433		88.4
0.257988108069	0.105927005108		88.5
0.278013318402	0.124526434626		88.6
0.298027795775	0.141052177137		88.7
0.21038320637	-0.0964580997992		88.8
0.230394358788	-0.104387537504		88.9
0.250389564971	-0.115166834996		89.0
0.270369388674	-0.129016902792		89.1
0.19196172044	0.0430660159566		89.2
0.211959979444	0.0388868993393		89.3
0.215005732233	0.0191618915273		89.4
0.234994502843	0.00654363788894		89.5
0.254976900245	-0.00989824931503		89.6
0.27495072211	-0.0302315343701		89.7
0.216524706709	-0.0517913678541		89.8
0.236476039332	-0.0795723171465		89.9
0.256410520514	-0.111252408199		90.0
0.276324962498	-0.146762476383		90.1
0.296216263733	-0.18599459835		90.2
0.237639673832	-0.0837991433197		90.3
0.257587359565	-0.118923030302		90.4
0.277513332411	-0.157214033682		90.5
0.297415698267	-0.198398381612		90.6
0.232287253598	-0.035823108948		90.7
0.252285938015	-0.0662543588664		90.8
0.272267370036	-0.0985117705332		90.9
0.29223169662	-0.132146065425		91.0
0.206303965922	0.0132474325482		91.1
0.226335324576	-0.00737051050031		91.2
0.24635505376	-0.0277579346743		91.3
0.266364896347	-0.0472834580131		91.4
0.0348589607069	3.15955558573		91.5
0.089258028189	3.15755569082		91.6
0.137469829767	3.01323749665		91.7
0.157874798523	3.10837094713		91.8
0.177328015858	3.21677776343		91.9
0.196095590036	3.3357297598		92.0
0.214348471021	3.4632494256		92.1
0.288206092202	1.22232063034		92.2
0.30817409549	1.1888636916		92.3
0.328138175555	1.16173596302		92.4
0.255739513929	-1.09293904013		92.5
0.26009848573	-0.848061140668		92.6
0.27808376546	-0.972859822615		92.7
0.296158142794	-1.09481717006		92.8
0.314302873593	-1.21452887314		92.9
0.332499632833	-1.33257396918		93.0
0.275533455058	0.29613833717		93.1
0.295514369452	0.290746089819		93.2
0.315495660545	0.285374551025		93.3
0.335477155667	0.279483105047		93.4
0.256842315493	0.545641040472		93.5
0.276829804164	0.550458772819		93.6
0.296823053184	0.553516314603		93.7
0.316822577715	0.554577128094		93.8
0.245678733715	-0.203926472528		93.9
0.265276056587	-0.261869023383		94.0
0.284850768391	-0.321803591212		94.1
0.304404662619	-0.383489814409		94.2
0.212245433053	-0.281260915764		94.3
0.232007992191	-0.327928644022		94.4
0.251765912341	-0.374892397607		94.5
0.271524623341	-0.421414242249		94.6
0.210185825329	0.0319802658781		94.7
0.213385265792	0.0209329178175		94.8
0.216315593517	0.0157650496818		94.9
0.236301702428	0.0213666370983		95.0
0.256270253672	0.0335056445964		95.1
0.276212435487	0.0541522755636		95.2
0.296113103373	0.0857218735015		95.3
0.237231979823	0.0852139998578		95.4
0.257007454214	0.145043807843		95.5
0.276615822224	0.2278386727		95.6
0.295932319898	0.340492345914		95.7
-0.300522806724	0.0586716301574		95.8
-0.320700088077	0.142060851073		95.9
-0.340747830795	0.210185388919		96.0
-0.305004088838	0.642695606495		96.1
-0.324653491842	0.710620959979		96.2
-0.344332845233	0.770716961791		96.3
-0.364045801897	0.824296029375		96.4
-0.383792121928	0.872402701709		96.5
-0.266996182462	2.04377530297		96.6
-0.285485503584	2.15263740237		96.7
-0.304051046549	2.25855920897		96.8
-0.322676488277	2.36217391981		96.9
-0.341345884985	2.46409296136		97.0
-0.0458323641357	4.53942810601		97.1
-0.0553486375591	4.79048836782		97.2
-0.0648633551802	5.04156797759		97.3
-0.0743431201006	5.29293570639		97.4
0.252259941924	4.39531949155		97.5
0.286179254197	4.07881841924		97.6
0.295122964938	4.3343197921		97.7
0.304198757753	4.58896083286		97.8
0.313414738646	4.84268038018		97.9
0.382632303192	2.75382652686		98.0
0.399092610209	2.91670597654		98.1
0.415632237885	3.07809280939		98.2
0.43223511425	3.23826145866		98.3
0.348860389561	-1.19047717358		98.4
0.368509365757	-1.24638649022		98.5
0.388158028244	-1.30200894222		98.6
0.407814691704	-1.3565061913		98.7
0.427489347214	-1.40890537125		98.8
0.276299875185	1.88183539682		98.9
0.290544947864	1.3848797532		99.0
0.309264859442	1.4849129375		99.1
0.327784181763	1.5924337591		99.2
0.34603981708	1.70954531284		99.3
0.363947274696	1.83884083483		99.4
0.299469854502	-0.92250204427		99.5
0.319840768407	-0.92274761201		99.6
0.34048063932	-0.895127604577		99.7
0.36136565279	-0.830482950933		99.8
0.281344488792	-0.315364529508		99.9
0.300550212042	-0.0976682671919		100.0
0.14324740758	2.87374534686		100.1
0.133436214993	3.2392543124		100.2
0.0486535089115	3.63827444905		100.3
0.045157941735	3.95547904175		100.4
0.0433207443037	4.26104838733		100.5
0.0427232950266	4.55921845621		100.6
0.250059812466	3.18288925287		100.7
0.265194410208	3.37649767212		100.8
0.280642591313	3.56207253797		100.9
0.296360767225	3.74109753577		101.0
0.312312127466	3.91468085943		101.1
0.335852580376	0.255949446945		101.2
0.328967431681	0.0875986289435		101.3
0.348529931218	0.0285885569146		101.4
0.368040934642	-0.0334569354305		101.5
0.38751130428	-0.0978915705736		101.6
0.406951553208	-0.164085481039		101.7
0.31175773097	-0.236710654606		101.8
0.331176120193	-0.304172891741		101.9
0.350595325448	-0.371609244041		102.0
0.370024969577	-0.43848728855		102.1
0.273269043505	-0.09571335439		102.2
0.293080838604	-0.133807878391		102.3
0.312913522525	-0.170095318165		102.4
0.232991620899	0.130190280833		102.5
0.252990029426	0.121985114804		102.6
0.272999206299	0.115956454778		102.7
0.293017678118	0.111975597249		102.8
0.313043304098	0.109785083197		102.9
0.266013103885	0.0896371038345		103.0
0.237632765419	0.00852035675308		103.1
0.257655300592	0.000590055014177		103.2
0.277672111806	-0.00785595033164		103.3
0.297678107369	-0.0177197290387		103.4
0.208397953246	-0.095557512991		103.5
0.211740609447	-0.0870783055754		103.6
0.231665992141	-0.109894529767		103.7
0.25154494624	-0.13952439481		103.8
0.271359559051	-0.178009537751		103.9
0.214266191203	-0.05210781806		104.0
0.234063135035	-0.101992798004		104.1
0.253729744353	-0.170564598977		104.2
0.273180099676	-0.263231328117		104.3
0.215417697521	-0.190832386981		104.4
-0.297904530541	0.0443363504936		104.5
-0.318182755191	-0.0366760308116		104.6
-0.338307033382	-0.10190170921		104.7
-0.358348594511	-0.154848782095		104.8
-0.318678329243	-0.346778870686		104.9
-0.338578486912	-0.389971921092		105.0
-0.35848407374	-0.426464663358		105.1
-0.378399577371	-0.457331889452		105.2
-0.281033567231	-1.08202092084		105.3
-0.300593933487	-1.14146697408		105.4
-0.320193085085	-1.19774960292		105.5
-0.339822770381	-1.25154802421		105.6
-0.147630260833	-3.04130101676		105.7
-0.163020478977	-3.22343757683		105.8
-0.178436364373	-3.40512822992		105.9
-0.193851506314	-3.58684136193		106.0
-0.209241387949	-3.76901582348		106.1
0.0997150670319	-4.63589715082		106.2
0.142827483892	-4.65865089652		106.3
0.144412816906	-4.94341655662		106.4
0.146146707136	-5.22808964614		106.5
0.148038567438	-5.51265647422		106.6
0.150089339266	-5.79710556729		106.7
0.331071756536	-3.89015425752		106.8
0.344654957351	-4.10045781383		106.9
0.358321118539	-4.3097511995		107.0
0.372043226018	-4.51833663084		107.1
0.418736092008	-1.04284322434		107.2
0.438416824665	-1.09617989268		107.3
0.458075129943	-1.15061700998		107.4
0.477694466167	-1.20712910931		107.5
0.354673338933	1.64827339284		107.6
0.37402567301	1.71997199552		107.7
0.393477642244	1.78557414673		107.8
0.413057040382	1.84320762428		107.9
0.331199882746	0.22642535758		108.0
