0.0297925737782	10.0568720169		0.1
0.163649736285	10.2048552357		0.2
0.292223949471	8.24794594762		0.3
0.384686469022	7.7965955441		0.4
0.438734696459	5.78879058424		0.5
0.462094342106	3.99211901214		0.6
0.463388059464	2.38210100677		0.7
0.463577496619	1.164712744		0.8
0.466334780005	0.422417894552		0.9
0.463063890288	0.120026941364		1.0
0.459223756859	-0.0013320312743		1.1
0.455609735132	-0.050541551179		1.2
0.45229271376	-0.0716222134837		1.3
0.449251014439	-0.0821777227396		1.4
0.44646080422	-0.0889265620291		1.5
0.443904643536	-0.094014572635		1.6
0.441569409206	-0.0976499365471		1.7
0.439443695593	-0.0992422565868		1.8
0.437515797107	-0.0979110048507		1.9
0.435772309247	-0.0927081938173		2.0
0.43419732938	-0.0826922105857		2.1
0.432772206956	-0.0669057699315		2.2
0.431475709997	-0.0442745642002		2.3
0.43028437291	-0.0134213234483		2.4
0.429172672001	0.0276345624847		2.5
0.428112454657	0.0819633621986		2.6
0.392766047101	0.141712568453		2.7
0.394443941906	0.253834597206		2.8
0.395829968074	0.4040498411		2.9
0.396821677517	0.620518922569		3.0
0.0194230982029	5.31725019099		3.1
0.0291232878779	5.73715012713		3.2
0.113097760468	5.96834290563		3.3
0.19655233187	5.95182941319		3.4
0.275767514117	5.67963678605		3.5
0.347113565522	5.15477308422		3.6
0.407213903138	4.39140611869		3.7
0.453104420186	3.4145229925		3.8
0.482379878398	2.2590455019		3.9
0.49331802722	0.968411121358		4.0
0.485809342508	0.0105007761536		4.1
0.473685640946	-0.336541162717		4.2
0.463129384446	-0.466404039028		4.3
0.454323382453	-0.514476976964		4.4
0.446992683184	-0.528523251584		4.5
0.440911032802	-0.5264346466		4.6
0.435902273993	-0.515389905245		4.7
0.431816969398	-0.498570696516		4.8
0.428521095493	-0.477632014096		4.9
0.425892396099	-0.453637412725		5.0
0.423819931807	-0.427412001283		5.1
0.422204560782	-0.399667584488		5.2
0.420959358157	-0.371038772511		5.3
0.420009612129	-0.34208686228		5.4
0.419292341725	-0.313295191848		5.5
0.418755421452	-0.285065453843		5.6
0.418356447511	-0.257718042903		5.7
0.418061480095	-0.231496611454		5.8
0.417843772157	-0.206575821792		5.9
0.417682563045	-0.183070967758		6.0
0.417561984751	-0.16104825136		6.1
0.417470103785	-0.140534786012		6.2
0.417398103871	-0.121527717217		6.3
0.417339603298	-0.104002131951		6.4
0.383944027673	-0.0204286715372		6.5
0.386543219305	-0.0410750956087		6.6
0.3889453459	-0.0459616705589		6.7
0.391163092148	-0.0428260016693		6.8
0.393206666525	-0.0359882346383		6.9
0.395087194593	-0.0278043321078		7.0
0.396816465263	-0.0195194452755		7.1
0.398406245332	-0.0117613528051		7.2
0.399867811631	-0.00482151068634		7.3
0.401211717727	0.00118730917346		7.4
0.402447709769	0.00624403467835		7.5
0.403584722258	0.0103721772646		7.6
0.404630912605	0.0136148862264		7.7
0.405593712736	0.0160221439116		7.8
0.406479886938	0.0176444946563		7.9
0.407295590733	0.0185302150495		8.0
0.408046428273	0.018724244201		8.1
0.408737507073	0.0182679746431		8.2
0.409373489517	0.0171994325838		8.3
0.409958640882	0.0155536076715		8.4
0.410496873775	0.0133628158628		8.5
0.410991789003	0.0106570437181		8.6
0.41144671292	0.00746425563757		8.7
0.411864731378	0.00381066196922		8.8
0.412248720409	-0.000279046460527		8.9
0.412601373795	-0.004781488779		9.0
0.41292522772	-0.00967440009017		9.1
0.413222682657	-0.0149364441024		9.2
0.413496022689	-0.0205470243034		9.3
0.413747432424	-0.0264860868038		9.4
0.41397901166	-0.0327339092582		9.5
0.381098998559	-0.0251459620914		9.6
0.383942314827	-0.0401468274019		9.7
0.386561264018	-0.0517327643603		9.8
0.388975167851	-0.0614445809357		9.9
0.391201407346	-0.0701670396938		10.0
0.393255962029	-0.0783976993999		10.1
0.395153626984	-0.0864081841285		10.2
0.396908123042	-0.0943392983879		10.3
0.398532171438	-0.102256268422		10.4
0.400037555487	-0.11018037607		10.5
0.401435175666	-0.118106845401		10.6
0.402735099466	-0.126014854125		10.7
0.403946606021	-0.13387311506		10.8
0.405078225326	-0.141643024822		10.9
0.406137772064	-0.149280526824		11.0
0.407132374317	-0.156737342881		11.1
0.408068497737	-0.163961944135		11.2
0.408951965996	-0.170900468417		11.3
0.40978797861	-0.177497694867		11.