0.60353611854	5.87343533145		0.1
0.64489571074	6.08790388822		0.2
0.661022992829	5.08804436701		0.3
0.574549118987	0.924678653852		0.4
0.574631588707	0.210106359672		0.5
0.555482823583	-0.251597488154		0.6
0.555260705126	-0.101960324552		0.7
0.554843308657	-0.0552525867823		0.8
0.55443670892	-0.0391944439592		0.9
0.554062205611	-0.0324056189253		1.0
0.553720209363	-0.0285439670426		1.1
0.553408290679	-0.025713839962		1.2
0.553123726898	-0.0233381957909		1.3
0.552863957387	-0.0212326688042		1.4
0.55262666138	-0.0193307578212		1.5
0.552409753743	-0.0176020339943		1.6
0.552211363193	-0.0160277032508		1.7
0.552014091458	-0.0133521090857		1.8
0.551848984799	-0.0129248514052		1.9
0.551697837738	-0.0119980378964		2.0
0.551559357287	-0.0109917152753		2.1
0.551432417478	-0.0100262071642		2.2
0.551316011692	-0.00913209313533		2.3
0.551209230956	-0.00831338677753		2.4
0.551111251175	-0.00756653616798		2.5
0.551021323694	-0.00688611815513		2.6
0.550938767473	-0.00626652299707		2.7
0.045524081692	7.71684500902		2.8
0.155190297821	8.04863970559		2.9
0.265428908234	8.05829201315		3.0
0.371234691252	7.72974152141		3.1
0.467618649541	7.06216213684		3.2
0.549857565207	6.07060734402		3.3
0.613744585414	4.78578897464		3.4
0.655823140594	3.25291590866		3.5
0.673584956476	1.52960294859		3.6
0.665699772725	-0.277865942316		3.7
0.64951626592	-0.476141612283		3.8
0.635752846188	-0.49819461736		3.9
0.623830329391	-0.493610413873		4.0
0.564592754168	-0.0831679980494		4.1
0.603887866763	-0.453182877043		4.2
0.596360046384	-0.440081989785		4.3
0.590000638336	-0.416841640529		4.4
0.584636474204	-0.389444884766		4.5
0.580122355876	-0.359732997944		4.6
0.576328760657	-0.328652901195		4.7
0.573140424903	-0.296904419575		4.8
0.570456390004	-0.265067229093		4.9
0.568189730791	-0.233624206553		5.0
0.566266775878	-0.202968352686		5.1
0.564625951697	-0.173410691405		5.2
0.563216420314	-0.145191148535		5.3
0.561905075015	-0.0958625723011		5.4
0.560829809763	-0.0871966261981		5.5
0.559898398717	-0.0685718614507		5.6
0.559078085872	-0.0484424999076		5.7
0.558348750022	-0.0292580072668		5.8
0.557696045329	-0.0117586072985		5.9
0.557108938524	0.0038053491104		6.0
0.556578645617	0.0173238353648		6.1
0.556097998459	0.0287260843807		6.2
0.555660984283	0.0379514070119		6.3
0.555262390324	0.044941184574		6.4
0.554897532441	0.04963722478		6.5
0.554562058432	0.0519819810453		6.6
0.554251819887	0.0519191325723		6.7
0.553962807331	0.049393929508		6.8
0.553691143645	0.0443530260404		6.9
0.553433130717	0.0367436887671		7.0
0.553185344448	0.0265124034007		7.1
0.55294477373	0.0136030457905		7.2
0.552709000104	-0.00204505528841		7.3
0.552476416577	-0.0204986491404		7.4
0.552246486333	-0.0418309520021		7.5
0.552020044552	-0.0661198900587		7.6
0.551799648545	-0.0934428688018		7.7
0.551589981663	-0.123866363054		7.8
0.551398313082	-0.157428228056		7.9
0.551235005578	-0.194110332561		8.0
0.551114042246	-0.233799149762		8.1
0.551053504949	-0.276232747377		8.2
0.55107587583	-0.320934866502		8.3
0.551207945889	-0.367141293433		8.4
0.551480011464	-0.413731099939		8.5
0.551923958644	-0.459185029782		8.6
0.552569859628	-0.501602361208		8.7
0.510485955907	-0.173379608246		8.8
0.554465172116	-0.598002066628		8.9
0.555933849377	-0.597371979914		9.0
0.557504108508	-0.600722665713		9.1
0.559185802973	-0.597290533406		9.2
0.560927941339	-0.584512297076		9.3
0.380436517139	-4.97473891519		9.4
0.450460608355	-4.07894316652		9.5
0.501672835061	-2.96646538056		9.6
0.533187522507	-1.69452003525		9.7
0.545092689768	-0.317551953839		9.8
0.543722398167	0.144271128598		9.9
0.542822155205	0.218981918232		10.0
0.542919359331	0.175387035513		10.1
0.543598970204	0.0949735879264		10.2
0.544635850426	0.00224893772205		10.3
0.545923168756	-0.096102784453		10.4
0.547413816065	-0.198978444902		10.5
0.549098356588	-0.306711632645		10.6
0.550997037047	-0.419300886523		10.7
0.553156069579	-0.535185371574		10.8
0.555642887734	-0.650057567377		10.9
0.558533647511	-0.755890932568		11.0
0.561882842001	-0.840967032389		11.1
0.565668032036	-0.891965252895		11.2
0.569725683038	-0.898327464583		11.3
0.573730049753	-0.856962101455		11.4
0.5772635082	-0.77391564401		11.5
0.579951168741	-0.661436798864		11.6
0.58156610732	-0.532560270108		11.7
0.582044920025	-0.396715834869		11.8
0.581434201545	-0.257946827722		11.9
0.579820073712	-0.114994495722		12.0
0.577271299375	0.0382323422307		12.1
0.573797659059	0.212891663953		12.2
0.569310569706	0.426690186427		12.3
0.563571533237	0.706478765979		12.4
0.556148156386	1.08918305997		12.5
0.344002459692	4.91607054276		12.6
0.397331586985	4.62151757094		12.7
0.447655926014	4.13163233291		12.8
0.492079383539	3.43951574225		12.9
0.527606708211	2.54810721489		13.0
0.551342410155	1.47104733636		13.1
0.56050014159	0.312830657269		13.2
0.559201446995	-0.0438197547822		13.3
0.557292846003	-0.159804211839		13.4
0.555520177353	-0.202587195817		13.5
0.553963254424	-0.217958889849		13.6
0.552679302303	-0.216728639196		13.7
0.551724664646	-0.199422786869		13.8
0.551141646099	-0.163535764155		13.9
0.550949257787	-0.106016059407		14.0
0.55114060201	-0.0245947909271		14.1
0.551689914493	0.0810041795009		14.2
0.552571721335	0.207714246211		14.3
0.553789424537	0.34777406223		14.4
0.555399359932	0.488013537116		14.5
0.0293544019966	-7.37946430381		14.6
0.12162112199	-7.82349071827		14.7
0.216667657897	-8.03342375819		14.8
0.311172351297	-7.99273211865		14.9
0.401792085185	-7.69321313497		15.0
0.485271405569	-7.13523974777		15.1
0.558547529318	-6.32774064753		15.2
0.618848221684	-5.28791879271		15.3
0.663779793359	-4.04072076555		15.4
0.691402801872	-2.61807619627		15.5
0.685765876258	-1.34358214394		15.6
0.617003672665	-1.62671548959		15.7
0.586492952863	-1.35979891054		15.8
0.550413271306	0.180315494446		15.9
0.551640072564	-1.49745787071		16.0
0.54643511089	0.022795474246		16.1
-0.321197631005	-10.4739251691		16.2
-0.264755445046	-11.4988611474		16.3
-0.136893141942	-12.4437670169		16.4
0.0524498063873	-12.8866870363		16.5
0.126423334192	-13.6279167823		16.6
0.195145334819	-12.3098521134		16.7
0.255300066168	-11.203422763		16.8
0.349901112097	-11.4053626872		16.9
0.338414150621	-9.80717892243		17.0
0.438638710232	-9.51990481152		17.1
0.532067531498	-8.97054081947		17.2
0.615731234964	-8.1647206076		17.3
0.686875537713	-7.11586497914		17.4
0.743047511079	-5.84488541336		17.5
0.782173106426	-4.37966482717		17.6
0.80262374014	-2.75433151793		17.7
0.479244198686	-8.38770506876		17.8
0.521462133355	-8.1640172315		17.9
0.576449859051	-7.68286881791		18.0
0.635360126775	-6.91991750589		18.1
0.690664389518	-5.85684557226		18.2
0.735546619223	-4.48732720436		18.3
0.763560041307	-2.82183760817		18.4
0.768582239948	-0.892900692984		18.5
0.749251312952	0.515240253974		18.6
0.713755217152	2.05903663783		18.7
0.705957355264	1.2723209844		18.8
0.692169858522	0.825509201747		18.9
0.675690825854	0.845917752816		19.0
0.707321886474	1.65963036735		19.1
0.646669473957	0.202998983304		19.2
0.633328453756	0.702587381301		19.3
0.623685326456	0.714842002963		19.4
0.616094101645	0.640521634573		19.5
0.655378719351	1.10474818187		19.6
0.650567667042	0.92737822545		19.7
0.691261289404	1.26024902549		19.8
0.635825312006	-0.373024465466		19.9
0.569671519401	-1.06465890869		20.0
0.613957956268	-1.0336606064		20.1
0.658042694493	-1.03778486379		20.2
0.479879901048	2.37208874055		20.3
0.521717954145	2.5674522661		20.4
0.564067907086	2.74190308921		20.5
0.589825021151	1.60411226916		20.6
0.633753264044	1.66284234134		20.7
0.59229539334	-1.04133538188		20.8
0.532760736804	-1.65805154585		20.9
0.576283411061	-1.75453817638		21.0
0.542926435641	0.747043685503		21.1
0.585063937333	0.991980978047		21.2
0.587799099633	0.710424933366		21.3
0.628867038058	1.11817425216		21.4
0.584421146989	0.155122820123		21.5
0.531294552363	-0.372182356519		21.6
0.576410582643	0.140786464816		21.7
0.52931779553	0.905424343967		21.8
0.568794660568	1.50744937996		21.9
0.574889742807	1.37375348434		22.0
0.61427247671	1.9159648857		22.1
0.247112277152	6.3338804452		22.2
0.271311006502	6.86079643217		22.3
0.37310723275	6.01278331979		22.4
0.474698311419	4.51662969196		22.5
0.523080273811	3.69009925635		22.6
0.565206138603	3.900617248		22.7
0.607291706369	4.10807539087		22.8
0.629661582188	1.50543114574		22.9
0.577661018835	-1.17751013827		23.0
0.618709784883	-1.40605789161		23.1
0.57305971291	0.529962720689		23.2
0.616055956193	0.392655446076		23.3
0.612587858055	-0.251266182387		23.4
0.554559241019	-0.65166905928		23.5
0.593869194518	-0.976637823538		23.6
0.547620185292	-0.0532038047912		23.7
0.58788483703	-0.423806295264		23.8
0.537717526748	-0.507812327925		23.9
0.575212264108	-1.02510614347		24.0
0.571563758785	-1.22346778442		24.1
0.604160707124	-1.90333898827		24.2
0.567555000274	-0.81328279116		24.3
0.602617265986	-1.54934134979		24.4
0.561763333241	-0.352850114947		24.5
0.511717517234	0.43469308971		24.6
0.55615529627	-0.16307800333		24.7
0.510773175487	-0.97312196511		24.8
0.549403931058	-1.53695754834		24.9
0.557544286023	-1.28303873803		25.0
0.520687773403	0.503656895379		25.1
0.566160525799	0.344011050302		25.2
0.523429628573	-0.407477623267		25.3
0.567421316267	-0.456142874101		25.4
0.524500622966	0.278179911851		25.5
0.566970954094	0.53124103691		25.6
0.566976254105	0.741941548605		25.7
0.603841878566	1.40988975699		25.8
0.557221871773	1.37722272237		25.9
0.517408640896	0.663573321694		26.0
0.189911018925	7.38363807927		26.1
0.20375137715	7.77695833861		26.2
0.363687289848	7.02850713041		26.3
0.395887515261	7.45710513057		26.4
0.530835489822	5.75532517407		26.5
0.570470016381	6.02817068591		26.6
0.630996737931	3.5963015373		26.7
0.656739396648	2.25838138118		26.8
0.66511220577	0.797928756439		26.9
0.708885037295	0.730302333275		27.0
0.701183988687	-0.118733948711		27.1
0.744989375974	-0.19889463909		27.2
0.673829091863	-0.904600747558		27.3
0.718024109115	-0.974292971368		27.4
0.652898441712	0.0281614788567		27.5
0.584549974888	0.958053276594		27.6
0.62854567745	1.12033339432		27.7
0.631465776851	0.464108213373		27.8
0.676134900132	0.655252152948		27.9
0.621199926582	-0.590008731097		28.0
0.563701815241	-0.491845900489		28.1
0.60991019738	-0.23745424088		28.2
0.559570712224	0.700494253401		28.3
0.602003421301	1.13180149452		28.4
0.604323769429	1.02550782682		28.5
0.645236361428	1.5411618444		28.6
0.604416733091	0.189713270943		28.7
0.648678233379	0.680815129394		28.8
0.595861129855	-0.365802540071		28.9
0.542203203979	-0.205054147522		29.0
0.587282461626	0.244570730027		29.1
0.586099696642	0.873301009569		29.2
0.540395589704	0.464667568384		29.3
0.583667207512	0.85289335922		29.4
0.545007390682	0.476395956411		29.5
0.588767432057	0.772169837325		29.6
0.545962330623	0.0419340107686		29.7
0.590703456338	0.210164862563		29.8
0.591508840847	0.313942962848		29.9
0.63570839382	0.417621301654		30.0
0.586137812496	0.0309332652659		30.1
0.630180976591	0.020582670514		30.2
0.575491399553	-0.438035182769		30.3
0.523366819445	-0.278437133174		30.4
0.566271642519	-0.478720312912		30.5
0.567607549042	-0.547066831288		30.6
0.608548524038	-0.942747919056		30.7
0.563501565346	-0.637016585156		30.8
0.515486316394	-0.102958791379		30.9
0.555878300236	-0.947604971731		31.0
-0.141204891836	8.10072611085		31.1
-0.171654424781	8.6749369615		31.2
-0.0849169429597	9.54940108657		31.3
-0.103787859137	10.1653481529		31.4
0.13905332698	10.7040650357		31.5
0.375622500818	10.1592601718		31.6
0.393419788089	10.7386292431		31.7
0.578687464307	9.1126201917		31.8
0.613276502803	9.50311552669		31.9
0.704875562539	8.3731061416		32.0
0.748209487922	8.5649207031		32.1
0.840782502537	5.09622434359		32.2
0.88769481308	4.91560638941		32.3
0.865823150184	0.693159076032		32.4
0.741807434399	-2.48679384319		32.5
0.761564601758	-3.25927289458		32.6
0.667680328012	-3.34808568741		32.7
0.679068405351	-4.24682241354		32.8
0.657925367874	-2.26729560519		32.9
0.677340651026	-3.16356474857		33.0
0.67651415089	-2.57039858333		33.1
0.698652890023	-3.3803429423		33.2
0.669008525426	-1.1178934783		33.3
0.6034042862	0.754239795924		33.4
0.646955046705	0.41590382308		33.5
0.587038277242	-0.880885893358		33.6
0.628756712667	-1.11312765526		33.7
0.579729669859	0.479018176093		33.8
0.62359091965	0.623917197632		33.9
0.622735084768	0.528559399474		34.0
0.569923556581	0.102165852863		34.1
0.612943136396	0.94014937913		34.2
0.137799706306	-7.02706349306		34.3
0.130205851058	-7.72318701629		34.4
0.283137024623	-7.47582666896		34.5
0.363699307997	-7.33187459052		34.6
0.392975607619	-7.80107147649		34.7
0.426682571297	-8.21312376282		34.8
0.568314611371	-6.30016392196		34.9
0.614014962359	-6.41000723927		35.0
0.691327905869	-3.47854985437		35.1
0.670496387797	-0.19224419663		35.2
0.708253588596	0.250656739437		35.3
0.689959821295	0.910204019048		35.4
0.724558461462	1.40610680783		35.5
0.657300177604	0.806871078318		35.6
0.587380149397	-0.713664496778		35.7
0.629496643877	-0.400382564072		35.8
0.623124313519	0.53860153605		35.9
0.609797077538	1.21755736411		36.0
0.60401643444	1.08745926962		36.1
0.64450427048	1.36731802883		36.2
0.597618986328	-0.424133678307		36.3
0.537262197148	-1.16124163071		36.4
0.581296980709	-1.1710336484		36.5
0.539983798273	0.657233768066		36.6
0.583998683651	0.708899474773		36.7
0.587350500935	0.157123239853		36.8
0.632022703965	0.0518800952069		36.9
0.575817786891	-1.35029893489		37.0
0.531578504313	-0.729883915501		37.1
0.574752676167	-1.10688860809		37.2
0.580165668537	-1.0023977282		37.3
0.621320808497	-1.59486272631		37.4
0.306054916072	-7.01538718408		37.5
0.334096547699	-7.49976915843		37.6
0.44566471618	-6.2688539097		37.7
0.541437333727	-4.34871158073		37.8
0.583413932624	-3.24122534992		37.9
0.627218045016	-3.30047187325		38.0
0.671022157408	-3.35971839659		38.1
0.65984801456	-0.41418317676		38.2
0.587445267197	1.52566380602		38.3
0.627652315391	1.7809720533		38.4
0.585177289795	-0.651070955359		38.5
0.628918004878	-0.582932674621		38.6
0.626863065018	0.0679840089839		38.7
0.670200785203	0.176632486481		38.8
0.611170148034	0.777453162062		38.9
0.654058955482	0.917824532282		39.0
0.598716490492	0.23211392981		39.1
0.428521631735	-2.24322427996		39.2
0.472516803304	-2.23391246314		39.3
0.306063795399	-4.58840454557		39.4
0.350062244346	-4.59368234455		39.5
0.232432885503	-7.73735785468		39.6
0.326452589002	-10.4091446403		39.7
-0.601645122425	-19.8729723726		39.8
-0.180941118977	-17.735230688		39.9
-0.207101646426	-18.2406355173		40.0
0.201689630416	-18.839499745		40.1
0.187741998008	-19.4356546951		40.2
0.304507246705	-14.3459280743		40.3
0.304137800777	-14.974477345		40.4
-0.081802511012	-15.7810426231		40.5
0.266537298234	-16.02483004		40.6
0.286182997327	-16.5872676115		40.7
0.618937061459	-15.1053042141		40.8
0.64978742535	-15.5534876332		40.9
0.858392642992	-10.8368229579		41.0
0.86395077136	-6.94627556972		41.1
0.905681617868	-7.14552746126		41.2
0.947412464375	-7.34477935281		41.3
0.90956051066	-2.40108011958		41.4
0.953558959607	-2.40635791855		41.5
0.856947614506	1.61294012136		41.6
0.754910300997	1.95536006171		41.7
0.796869477645	2.14457298305		41.8
0.794407911866	0.56542180338		41.9
0.837922460971	0.658535751779		42.0
0.352797959496	-8.38755721393		42.1
0.370655628572	-8.24396892787		42.2
0.427795836489	-8.42493509438		42.3
0.581648399532	-6.2732715844		42.4
0.632835462651	-6.25390142497		42.5
0.695628823633	-4.78657100626		42.6
0.705529066234	-1.60123435439		42.7
0.748963088879	-1.43019315177		42.8
0.671017277542	1.73328553043		42.9
0.711367786875	1.98526613537		43.0
0.71458949922	0.607245621531		43.1
0.75841126123	0.685466163642		43.2
0.682134669013	-1.53964421124		43.3
0.618813884033	-0.964575460685		43.4
0.66313948833	-1.05737979016		43.5
0.608159064021	0.661586338782		43.6
0.653152144202	0.664063163432		43.7
0.651097814339	0.0419873683034		43.8
0.589836852577	-0.658142318505		43.9
0.634071752528	-0.758076286239		44.0
0.678193146411	-0.854077192581		44.1
0.627011333776	0.373457908409		44.2
0.564914704586	0.835888654119		44.3
0.608900602884	0.893063102442		44.4
0.610998894147	0.239283954941		44.5
0.555673188116	-0.683025925513		44.6
0.599674185006	-0.691156565065		44.7
0.643712356777	-0.675925166898		44.8
0.595493125587	0.581482452514		44.9
0.538937569611	0.850886810884		45.0
0.581537272374	1.03244879862		45.1
0.540358438199	-0.267962500591		45.2
0.584480431813	-0.154742458826		45.3
0.58506786784	0.204284814194		45.4
0.628574331912	0.37491545538		45.5
0.578476817703	0.52996413799		45.6
0.527314799171	0.0173926081306		45.7
0.571288831904	0.158722283672		45.8
0.527508596841	0.164592443173		45.9
0.571383393177	0.284218761862		46.0
0.573371689468	0.251761358379		46.1
0.526096202121	-0.104152916213		46.2
0.570107495443	-0.109122964144		46.3
0.319310141669	5.09093896417		46.4
0.35284520931	5.49786854197		46.5
0.443022640659	4.08596074459		46.6
0.399120526684	-2.24809459439		46.7
0	0		46.8
-8.72520165753	-4.49987709635		68.0
-8.6849455873	-4.03057480733		68.1
-0.280559710407	7.65339622777		68.2
-0.264597536438	8.2656913607		68.3
0.160909270054	10.5862159413		68.4
0.320311918103	10.4994565837		68.5
0.488064253118	10.4666326537		68.6
0.442067385519	8.43770969717		68.7
0.472556546081	8.89707446818		68.8
0.158374814032	7.11681811501		68.9
0.434285586248	3.25700344853		69.0
0.477624093218	3.38669886972		69.1
0.521036165767	3.50112562145		69.2
0.794824523211	0.532612190864		69.3
0.838737523142	0.491993679479		69.4
0.477285454196	-0.741723702604		69.5
-2.1004287886	29.7448830241		69.6
-2.06028132013	29.4563950678		69.7
1.04406337143	-8.42789518583		69.8
1.07109866874	-8.96943839794		69.9
1.03364813587	-6.63049000616		70.0
1.06146791533	-7.19928820973		70.1
0.129956682362	0.479437112129		70.2
0.165333474794	-0.0286274205158		70.3
-0.280201525515	0.943907204035		70.4
0.78204935001	-3.81182429242		70.5
0.813273388166	-4.37444843596		70.6
0.44312394795	-2.94229095982		70.7
-0.240885242692	-6.01315195343		70.8
-0.1975675843	-6.30352939151		70.9
-0.154677736939	-6.57296176507		71.0
1.174799142	5.87078756952		71.1
1.15321991503	6.04423992902		71.2
1.19754827706	6.08325966076		71.3
1.11515810244	1.97145479477		71.4
1.15901983386	2.03783471338		71.5
0.581371584179	-10.2678587364		71.6
0.627891449497	-10.1984158257		71.7
0.152798129163	-36.9574611657		71.8
0.792659637116	-28.5295185946		71.9
0.774550063306	-24.9951713762		72.0
1.30327870851	-11.0792839121		72.1
1.27776507896	-9.59602001689		72.2
0.416054602399	10.0198801657		72.3
0.406356634407	10.6329935681		72.4
0.0886956538943	15.6155901227		72.5
0.396506259518	14.9435275866		72.6
0.400545316123	15.5694450393		72.7
0.539827982081	15.5883202979		72.8
0.550671365527	16.1975052729		72.9
0.81921953589	13.4988050704		73.0
0.842709602074	14.0303059853		73.1
0.967663134818	8.17661049671		73.2
0.510721857968	-13.4049184723		73.3
0.551594308667	-13.1721696921		73.4
0.464764415945	-10.4256178218		73.5
1.03350483599	-55.0524052957		73.6
-1.91091931875	-301.724827407		73.7
-1.97273030935	-299.392325239		73.8
-2.51594817878	-29.9084892661		73.9
0.526759303616	20.6550379546		74.0
0.537602687062	21.2642229296		74.1
0.898931854828	18.591134516		74.2
0.922421921012	19.122635431		74.3
0.35888991501	16.9520332916		74.4
0.387910933791	17.4244954634		74.5
0.86754959261	14.8720702713		74.6
1.02221277908	8.51722027802		74.7
1.05070591475	19.5113407533		74.8
1.6237621528	3.42004523427		74.9
1.66766879637	3.46096988019		75.0
1.53112396809	-3.82500234759		75.1
1.41475184909	-4.15869007115		75.2
0.318157358686	-0.175182821803		75.3
0.167339786665	0.458850536996		75.4
0.123461534173	0.505578054234		75.5
0.0678997825985	0.508347882139		75.6
0.0242177474399	0.583778353441		75.7
-0.0299447745703	0.70219326316		75.8
-0.064253793581	0.968106203439		75.9
-0.105581926326	1.18380887286		76.0
-0.109193389601	1.78544911106		76.1
-0.146344112737	2.12224789749		76.2
-0.145680211253	2.81932013481		76.3
-0.0773177075961	3.78774782295		76.4
-0.0997160028334	4.32878167275		76.5
0.00296405144293	5.1254136851		76.6
-0.00663478740802	5.73884536596		76.7
0.122266942933	6.1128988933		76.8
0.126407161694	6.73868143827		76.9
0.199923113699	7.00390994643		77.0
0.339802432468	6.38965747346		77.1
0.363378347518	6.9203820897		77.2
0.474625604879	5.56317396802		77.3
0.508527837317	5.96384652395		77.4
0.577260748237	3.91697995588		77.5
0.610374177813	2.81903601303		77.6
0.653314395474	2.95616228233		77.7
0.631027289962	0.200618557756		77.8
0.67483206811	0.141472575454		77.9
0.613979683664	-0.233275636373		78.0
0.657617227157	-0.313790304704		78.1
0.600086521807	0.0921107494889		78.2
0.302406561678	7.72529100956		78.3
0.224715981081	8.66864999752		78.4
0.368977720014	8.13400856817		78.5
0.39272513061	8.67108551421		78.6
0.544420491813	6.92823631462		78.7
0.593467884569	6.971859718		78.8
0.675500826985	3.95490330056		78.9
0.723160959787	3.439647579		79.0
0.735881438668	1.17101069547		79.1
0.633246801194	-2.27827816557		79.2
0.647387801648	-3.1271815782		79.3
0.614919651484	-1.11656107093		79.4
0.647593915851	-1.64913255603		79.5
0.598685457608	0.337386091089		79.6
0.595118454581	0.00453422539779		79.7
0.6409711284	0.124515322476		79.8
0.589332588099	0.014374619148		79.9
0.636950360036	0.447730956616		80.0
0.682684110131	0.996808472272		80.1
0.631984199282	1.17736858342		80.2
0.580851887989	-0.145479559989		80.3
0.627730979354	0.161727349396		80.4
0.625928410032	0.437086629568		80.5
0.56980306672	-0.147418319763		80.6
0.609368512876	-0.619909161459		80.7
0.551087996352	-1.00491408146		80.8
0.20757358169	7.8325305585		80.9
0.277449217648	7.60171252024		81.0
0.359290924177	7.46478574298		81.1
0.48044654472	6.39840361641		81.2
0.537214672858	6.28403441193		81.3
0.62962340567	3.57418719079		81.4
0.675780633395	3.42430534096		81.5
0.667445688165	0.308533491801		81.6
0.592001843351	-1.61850765648		81.7
0.632409693139	-1.86773115173		81.8
0.64189989771	-0.633524225721		81.9
0.686386588285	-0.669691847908		82.0
0.623161130175	1.45299453262		82.1
0.569583827713	1.10056137949		82.2
0.613639703403	1.3550338523		82.3
0.573012338997	-0.395468821461		82.4
0.620647535822	-0.148777480723		82.5
0.621000238878	0.529742867918		82.6
0.665937291086	0.962665750888		82.7
0.613136877128	1.14727283578		82.8
0.655198329262	1.69569682214		82.9
0.612017891011	0.406405080044		83.0
0.657096382256	0.918427051992		83.1
0.605905126699	-0.36000712297		83.2
0.598491549463	-0.722759468213		83.3
0.54939677749	0.519122323476		83.4
0.592684171036	0.949135361887		83.5
0.551187131756	0.179007822786		83.6
0.595945564357	0.484676069174		83.7
0.596684300858	0.618071805659		83.8
0.640426553297	0.871748124861		83.9
0.593121376322	0.139417610754		84.0
0.637647954515	0.281362424302		84.1
0.582870229891	-0.499492529762		84.2
0.530466027601	-0.316387355497		84.3
0.574809460729	-0.285909977472		84.4
0.576884927945	-0.0145594737654		84.5
0.620953729597	-0.00350919381455		84.6
0.572571582809	0.253064615399		84.7
0.61656185364	0.245220504879		84.8
0.565259605587	0.0183423332147		84.9
0.514303843212	-0.249026853428		85.0
0.557947611169	-0.338126027994		85.1
0.560946982832	-0.240193321656		85.2
0.604591908342	-0.335540383095		85.3
0.559436691001	0.0474647416602		85.4
0.5100122508	0.213976279434		85.5
0.553994633603	0.172862974664		85.6
0.557256825804	-0.0257853880959		85.7
0.556760161444	-0.184169934643		85.8
0.556242317805	-0.165706887171		85.9
0.600378152865	-0.127116209564		86.0
0.555281040893	0.249070861301		86.1
0.506948592617	0.334464730318		86.2
0.550555447919	0.556112505226		86.3
0.508133561495	0.24700088975		86.4
0.0494696214005	-7.64113979354		86.5
0.00596212279877	-8.25283334955		86.6
0.203017967049	-8.37642297578		86.7
0.226081985384	-8.91171825158		86.8
0.407991663051	-7.99689937595		86.9
0.441505921587	-8.40417867009		87.0
0.576445885145	-6.50622508179		87.1
0.617129774748	-6.74562105927		87.2
0.680655794425	-5.5320106234		87.3
0.727962138128	-4.10119851045		87.4
0.771833236223	-4.14927742503		87.5
0.695296470685	0.802208087464		87.6
0.735913821243	1.04389891445		87.7
0.666624168649	-0.539083212749		87.8
0.709656939639	-0.408011787347		87.9
0.699388367205	0.261791285945		88.0
0.628650760101	0.589774959633		88.1
0.670954246725	0.76263506555		88.2
0.713257733349	0.935495171466		88.3
0.650356115614	0.138901153068		88.4
0.582789838937	-0.717289239667		88.5
0.62668600932	-0.674132605907		88.6
0.574033498534	0.563150027828		88.7
0.572988165599	0.232505901002		88.8
0.616483918706	0.327395161526		88.9
0.659979671813	0.422284422051		89.0
0.609339451123	0.0136845012921		89.1
0.551247527772	-0.299245432427		89.2
0.578338117954	-0.524739388527		89.3
0.391098546579	-2.43996123856		89.4
0.390863555495	-1.10959168137		89.5
0.376875839395	-5.23210447496		89.6
0.297149490897	-2.92108075543		89.7
-1.48934134393	-0.853719513893		89.8
-1.37806764002	-2.69168238861		89.9
-0.364773244524	-14.381081046		90.0
-0.0013221776024	-13.1887152706		90.1
-0.0206472955732	-13.7534149046		90.2
0.16830458736	-13.7853333882		90.3
0.363106820807	-14.2211126641		90.4
0.317349647408	-13.0732472282		90.5
0.498188073839	-12.7219729923		90.6
0.335374895178	-10.6966053608		90.7
0.51238386125	-9.43080572789		90.8
0.600483232632	-8.69830069722		90.9
0.632105731426	-9.13536361476		91.0
0.74267267553	-6.49894875699		91.1
0.782201649908	-6.77502187086		91.2
0.821730624287	-7.05109498473		91.3
0.859290304978	-3.5686236721		91.4
0.807347988185	0.0641429011716		91.5
0.85068661957	0.17271717719		91.6
0.829546648221	0.205282585024		91.7
0.872933137614	0.309883418239		91.8
0.780715913674	0.0125115183193		91.9
0.691861260927	-0.250722492879		92.0
0.735639660383	-0.187716595778		92.1
0.664915155002	0.312997476482		92.2
0.708458176055	0.403354272246		92.3
0.69954724619	0.181055786499		92.4
0.743266877817	0.25190171075		92.5
0.674428038132	-0.272696940465		92.6
0.718362688608	-0.238451465292		92.7
0.648930011604	-0.204342274624		92.8
0.583387221085	0.218012997968		92.9
0.627163578027	0.281307858483		93.0
0.41762828664	-4.80663626547		93.1
0.413834458706	-5.90217890388		93.2
0.46301587655	-5.63334100798		93.3
0.498167267688	-6.01249968534		93.4
0.580830104722	-3.78442296088		93.5
0.626535852451	-3.77579366688		93.6
0.637121900478	-0.955153350172		93.7
0.576815506845	1.26956830524		93.8
0.623282989731	1.25847841087		93.9
0.575918190318	-1.13569046398		94.0
0.618505719441	-1.69761714442		94.1
0.626514792589	-1.36329031941		94.2
0.667878265834	-1.97287484281		94.3
0.63062138948	0.261936371416		94.4
0.564837697067	1.36830831784		94.5
0.60279815463	1.76556115142		94.6
0.56303117223	0.368615492663		94.7
0.250700643291	6.64076419727		94.8
0.244801349523	7.07108230233		94.9
0.380173761678	6.19535341992		95.0
0.412989116221	6.61408632544		95.1
0.445804470764	7.03281923096		95.2
0.554822739351	5.18206451457		95.3
0.60578075726	2.79900294269		95.4
0.649557688618	2.86221667294		95.5
0.668967382818	1.4482673394		95.6
0.607490057	-1.34815554206		95.7
0.648696603885	-1.56855429657		95.8
0.598968989099	0.805205429199		95.9
0.642871508946	0.763387673267		96.0
0.587623688707	-0.656972997449		96.1
0.585920389837	-0.247276658505		96.2
0.629374125886	-0.346016497423		96.3
0.575470355178	0.427791076609		96.4
0.619397788134	0.391705481411		96.5
0.567739887943	-0.339708257502		96.6
0.611313128159	-0.427041465328		96.7
0.561574118272	0.124240743634		96.8
0.560592211095	-0.0146506570279		96.9
0.604468059602	-0.0618366064166		97.0
0.555180729182	-0.047349214077		97.1
0.599080557884	-0.0897396248385		97.2
0.642980386586	-0.1321300356		97.3
0.594648341035	-0.0548307867115		97.4
0.539588498104	0.0644790688068		97.5
0.583561418976	0.0424298200174		97.6
0.58436431114	-0.0334472748314		97.7
0.478887809857	0.819258406923		97.8
0.5228482059	0.792595049252		97.9
0.566808601943	0.76593169158		98.0
0.482448534672	0.219616789429		98.1
-0.110476340224	-7.46916627115		98.2
-1.86266736099	-7.4826661454		98.3
-1.44657671695	-7.84958872125		98.4
-1.49009727286	-7.75704947139		98.5
-0.527892187944	-0.937347319817		98.6
-0.571284430302	-1.04145999728		98.7
-0.43302791798	-3.07913553374		98.8
-0.318559142524	-4.72076936345		98.9
-0.352815442741	-5.11524806763		99.0
-0.296801494219	-6.24995961693		99.1
-0.326316337981	-6.71613686222		99.2
-0.132757981733	-8.22394958023		99.3
0.0822538097799	-8.893506794		99.4
0.0775566472715	-9.51848624907		99.5
0.276322332226	-9.36828357892		99.6
0.285374114307	-9.98341011993		99.7
0.400731230226	-9.82394030188		99.8
0.416407459245	-10.4112648903		99.9
0.595472223741	-8.72526144342		100.0
0.623085733034	-9.2146371608		100.1
0.750027657065	-6.61005360651		100.2
0.792106494392	-3.49370260824		100.3
0.834581640749	-3.65774711557		100.4
0.790588903855	-0.191898166919		100.5
0.834533646421	-0.160406020825		100.6
0.748289153323	0.266082269462		100.7
0.792128979349	0.319667322953		100.8
0.776526077631	0.0781436935424		100.9
0.820450179776	0.115047459126		101.0
0.738673072335	-0.296325796976		101.1
0.782665161295	-0.284406775953		101.2
0.702174047641	-0.100384925873		101.3
0.627061063102	0.290571257209		101.4
0.621196004403	0.0802379166299		101.5
0.66514841669	0.109464177356		101.6
0.709100828977	0.138690438083		101.7
0.403415605225	6.10207344668		101.8
0.25997892839	7.49110547646		101.9
0.209597739987	8.53723957457		102.0
0.339081070688	8.20902095697		102.1
0.33888183083	8.96373897366		102.2
0.418847893341	8.82117881173		102.3
0.559347466056	7.24076300983		102.4
0.590944763349	7.68929873773		102.5
0.680135293481	5.23580819386		102.6
0.719033311445	3.85322337117		102.7
0.742703306614	2.25858701888		102.8
0.786776395642	2.16889364742		102.9
0.784587584245	0.322068240153		103.0
0.689711231841	-1.88528068169		103.1
0.730126371656	-2.13792733594		103.2
0.674538161421	0.823214077937		103.3
0.718706107565	0.937863597127		103.4
0.655276365233	-0.496089642546		103.5
0.650018230635	0.410705474643		103.6
0.691739818106	1.41620298313		103.7
0.703623828376	3.53209472085		103.8
0.505035554084	6.78168374638		103.9
0.508596082579	5.63930207974		104.0
0.562316305495	3.27334001551		104.1
0.565256612498	0.577167045633		104.2
0.607788858344	0.307582451597		104.3
0.604666031901	-0.397456969434		104.4
0.550488063556	-0.52792731292		104.5
0.593739072253	-0.643690772172		104.6
0.637670210838	-0.703288968312		104.7
0.592174563514	0.317644033369		104.8
0.536469099396	0.781088452331		104.9
0.540875551117	0.371385066686		105.0
0.585251335115	0.55859066291		105.1
0.62926882374	0.785813796059		105.2
0.589977694632	0.400863183736		105.3
0.538017342149	-0.318350737		105.4
0.583679258966	-0.123330353186		105.5
0.585347304444	0.358516393199		105.6
0.536869991597	0.437602226916		105.7
0.580924676583	0.684307599579		105.8
0.624486493694	0.937291332509		105.9
0.477685889051	-1.12658300716		106.0
0.523795102726	-1.06316474766		106.1
0.569552502901	-1.00147469592		106.2
0.576859735816	-0.0697957756753		106.3
0.621371303867	0.0498115093205		106.4
0.569219780186	1.10291033316		106.5
0.523916571302	0.410167265385		106.6
0.568044445167	0.495750304432		106.7
0.571340809741	0.23459072458		106.8
0.524202614454	-0.311014833441		106.9
0.568269024652	-0.337679606096		107.0
0.612203664461	-0.3801866943		107.1
0.569336962281	0.10781944141		107.2
0.518392723664	0.296782086801		107.3
0.562333416657	0.256300735315		107.4
0.56490441293	-0.0451600421629		107.5
0.51799001785	-0.321500122757		107.6
0.561227936215	-0.462501895935		107.7
0.519632629471	-0.0273873822229		107.8
0.563204277817	-0.173039863256		107.9
0.520273395602	-0.196682982151		108.0
0.563526204696	-0.388311887529		108.1
0.176591469106	7.19409103547		108.2
0.221790504117	7.58888255792		108.3
0.262196018516	7.66291269451		108.4
0.416166327388	6.56808201588		108.5
0.45015430453	6.96828762351		108.6
0.55059937378	5.17823197726		108.7
0.587967430532	5.54583178371		108.8
0.638086093623	4.57789700617		108.9
0.677696374621	4.90753066139		109.0
0.700046443221	2.12963108343		109.1
0.744308947372	2.23544508669		109.2
0.692625828887	-0.931512387377		109.3
0.654341145752	-2.61904019038		109.4
0.652340269145	-2.11033160388		109.5
0.655937406276	-1.03281302186		109.6
0.593612449397	0.920845104063		109.7
0.636651892461	0.599809149481		109.8
0.574658323822	-1.14059947342		109.9
0.608513712066	-1.72520822021		110.0
0.567914373485	-0.128714859791		110.1
0.60724376075	-0.69450942247		110.2
0.599863838173	-1.18151780128		110.3
0.635274474767	-1.77965364039		110.4
0.592959807831	-0.750599894192		110.5
0.632836690587	-1.20874577851		110.6
0.583619796099	0.407978987301		110.7
0.527814118792	0.866151860582		110.8
0.572582925524	0.750188507112		110.9
-0.631421607756	1.39751896471		111.0
-0.676192634296	1.27019487547		111.1
-0.653595221014	2.3786186814		111.2
-0.700344564148	2.16645636626		111.3
-0.576705150846	4.44984562315		111.4
-0.406066659887	6.48039137947		111.5
-0.460300929546	6.46303331221		111.6
-0.284407049954	8.12146118639		111.7
-0.338530538102	8.24753593116		111.8
-0.273130559466	9.0709329691		111.9
-0.323004762672	9.28206765661		112.0
-0.0993477335537	10.5051901719		112.1
0.139456924059	10.8716474872		112.2
0.117920729638	11.4505896317		112.3
0.336549549008	11.076054229		112.4
0.435431221015	10.8659206298		112.5
0.53407264118	10.4019786489		112.6
0.557638066051	10.9410370302		112.7
0.66082910556	10.1030988335		112.8
0.794675064105	7.25194222178		112.9
0.83789288648	7.47317887339		113.0
0.877600745167	3.85220172046		113.1
0.92269967789	3.8849418646		113.2
0.865548336261	-0.0189269545554		113.3
0.909516489279	-0.0453976949061		113.4
0.8846462429	0.0834395222532		113.5
0.785550993473	0.333022486392		113.6
0.828497175624	0.856211754669		113.7
0.542762985423	5.11461915472		113.8
0.576688124688	5.51489582584		113.9
0.621817028573	3.22487870857		114.0
0.662740213906	3.4558009511		114.1
0.68623836074	2.17997182349		114.2
0.729186407576	2.31659679281		114.3
0.682762167262	-0.718714925377		114.4
0.606687288674	-1.6440048088		114.5
0.649974357151	-1.75669881622		114.6
0.657259412807	-0.405556979693		114.7
0.701247591515	-0.420126545448		114.8
0.633180195048	1.48785504823		114.9
0.578697768755	0.750597335105		115.0
0.622597029791	0.793107551088		115.1
0.572167983321	-0.48024321165		115.2
0.616002757446	-0.534665178727		115.3
0.565872362622	0.265106429432		115.4
0.609867542593	0.274410141222		115.5
0.6089055211	0.053152729277		115.6
0.652902505052	0.0457931162672		115.7
0.580510799497	-0.492444442766		115.8
0.526164711939	-0.175865349842		115.9
0.476564338867	1.65885172929		116.0
0.43561997136	0.570329840411		116.1
-0.0293864611243	-7.56368860447		116.2
-1.16332765639	-4.90756388115		116.3
-1.38189917429	-8.5832457658		116.4
-0.567686745968	-1.19862680727		116.5
-0.611381636208	-1.27252216478		116.6
-0.476270815165	-3.12135370667		116.7
-0.34551545934	-5.01827786652		116.8
-0.379753339446	-5.41308279531		116.9
-0.317994606767	-6.59978945827		117.0
-0.123609365961	-8.06342890594		117.1
-0.141568902426	-8.6372551347		117.2
0.0681169218933	-9.39553761973		117.3
0.0634489316641	-10.0205616792		117.4
0.275984615972	-9.90046341577		117.5
0.285065107386	-10.5155035963		117.6
0.390601281674	-10.385499328		117.7
0.406304920883	-10.9726744602		117.8
0.598854860586	-9.30160828761		117.9
0.729381410316	-6.79642178594		118.0
0.766245223133	-7.13959405318		118.1
0.809623665708	-3.96576699145		118.2
0.852106459484	-4.12940686045		118.3
0.814739568274	-0.572010366085		118.4
0.858682831159	-0.540099626322		118.5
0.838110971982	0.17659533059		118.6
0.811050960494	0.871092203724		118.7
0.317469287827	7.21143265802		118.8
0.353041524219	6.81396896063		118.9
0.364294043899	7.44063313321		119.0
0.476281397537	6.19733128543		119.1
0.501161175919	6.72889396763		119.2
0.58177640073	4.83079759377		119.3
0.617545856861	5.20581908585		119.4
0.660694510294	4.14362665063		119.5
0.700741682408	4.40800216737		119.6
0.706453033237	1.49398348877		119.7
0.638495065633	-1.40795282723		119.8
0.680907470042	-1.57509079539		119.9
0.682531008422	-0.397151425742		120.0
0.725793877148	-0.518758523874		120.1
0.655074813427	1.3139241217		120.2
0.594299451018	0.634065001629		120.3
0.637984634793	0.51135396203		120.4
0.581685014468	-0.639430256077		120.5
0.579431928501	-0.360631706175		120.6
0.576264223085	-0.305308693487		120.7
0.61838913671	-0.556145171165		120.8
0.615311505237	-0.570640840545		120.9
0.56111696288	0.0741319384481		121.0
0.604123771755	-0.185363844578		121.1
0.646512000779	-0.47503624042		121.2
0.595559368598	-0.702725255871		121.3
0.541969589429	-0.0956772330785		121.4
0.585016610436	-0.378819107952		121.5
0.584525018407	-0.596530836757		121.6
0.626606096864	-0.896133753622		121.7
0.579950524642	-0.365817132333		121.8
0.623069592931	-0.599478289163		121.9
0.571790244485	0.272077939912		122.0
0.616025163276	0.157383693044		122.1
0.564032475796	0.380001046979		122.2
0.559158419062	0.238998299626		122.3
0.558314109515	-0.0335598968649		122.4
0.557545059048	-0.149565496207		122.5
0.601744125075	-0.00943047210258		122.6
0.556021314132	0.372911253684		122.7
0.507588065891	0.464201806012		122.8
0.549635354784	0.915228974404		122.9
0.399887607181	-2.71246145315		123.0
0.345641611647	-5.16434646031		123.1
0.359588756873	-5.63961680465		123.2
0.368672824583	-6.45861990238		123.3
0.466871892218	-5.2297128482		123.4
0.501707086074	-5.63908773191		123.5
0.577045433475	-3.51087711736		123.6
0.584296901132	-0.96259350958		123.7
0.6271622285	-0.811032173719		123.8
0.571100422112	0.885257027369		123.9
0.570124909671	0.447183047553		124.0
0.611754684059	0.657009495003		124.1
0.562341964126	-0.0890198751178		124.2
0.606328634301	-0.0433917182942		124.3
0.557435642561	0.0398408924034		124.4
0.602575765145	-0.0713291603148		124.5
0.555130012635	-0.275140992163		124.6
0.599841120095	-0.654246938585		124.7
0.599811486346	-1.03323305304		124.8
0.635590717067	-2.05419429631		124.9
0.5825952462	-2.60958790606		125.0
0.481026364972	-5.02693226277		125.1
0.179804367368	6.12414367652		125.2
0.136589401586	6.78595252724		125.3
0.161998241159	7.33247248486		125.4
0.302912798397	6.96782383532		125.5
0.417975347064	6.1270717592		125.6
0.423851135699	6.96471426325		125.7
0.507260981515	5.7956794924		125.8
0.524721734018	6.57296210147		125.9
0.577623467969	6.02894231208		126.0
0.60960652177	6.50347653071		126.1
0.677717338464	3.92811429742		126.2
0.67229363171	0.890417865284		126.3
0.714135557624	0.626311241065		126.4
0.641407534088	-1.07511703942		126.5
0.684352620924	-1.22123347167		126.6
0.627077530259	1.15098568116		126.7
0.668966639472	2.14446354348		126.8
0.23714502114	-5.92141162529		126.9
0.16546908613	-6.61750566276		127.0
0.168345519975	-7.25836522917		127.1
0.309909104092	-6.8238608614		127.2
0.33069996903	-7.37939453691		127.3
0.457720592306	-6.13767923913		127.4
0.492355881985	-6.5256387413		127.5
0.560951411955	-5.71086082893		127.6
0.601032531411	-5.97722338789		127.7
0.663208451458	-3.36683103147		127.8
0.707403306363	-3.41774531371		127.9
0.691621776491	-0.306150504377		128.0
0.612802786173	1.63318989607		128.1
0.653062580401	1.89569550593		128.2
0.660050945658	0.685017770173		128.3
0.594549596332	-1.21126983634		128.4
0.638589951213	-1.21372023991		128.5
0.682568595375	-1.23372451456		128.6
0.486397850283	2.88353606068		128.7
0.527235526841	3.11944447031		128.8
0.568895445158	3.32908797123		128.9
0.600688514012	2.19296192107		129.0
0.645262485134	2.23825043209		129.1
0.614345813743	-0.607439253717		129.2
0.547579322687	-1.72091529387		129.3
0.587053214161	-2.07260156815		129.4
0.560061432205	0.102089635483		129.5
0.604519223932	-0.183389391252		129.6
0.602857904655	-0.627231336216		129.7
0.644721585695	-1.06287982261		129.8
0.594914912109	-0.874450306463		129.9
0.635377212697	-1.40946552033		130.0
0.589619550551	-0.322905178766		130.1
0.536307118934	0.552635200636		130.2
0.583102519963	0.0651845721784		130.3
0.582004318312	-0.919497620253		130.4
0.62197830716	-1.4951423791		130.5
0.576974400479	-1.378413039		130.6
0.616439692275	-1.89831252881		130.7
0.581982483148	0.0575902288941		130.8
0.527464420186	1.00483782652		130.9
0.574333181653	0.827376845892		131.0
0.579950623379	-0.150874585733		131.1
0.62420075222	-0.325486694486		131.2
0.572293399012	-1.06811812137		131.3
0.526420743554	-0.130472979963		131.4
0.570432998467	-0.114060976527		131.5
0.526295776443	0.161794916846		131.6
0.569267418836	0.342624547812		131.7
0.569729136384	0.4949011914		131.8
0.610213601371	0.901345047997		131.9
0.562824343771	0.786941653015		132.0
0.598182240519	1.5453602122		132.1
0.552166665352	1.22061699591		132.2
0.512335719332	0.455222934099		132.3
0.543502370945	2.00512048596		132.4
0.343488842937	4.96932548699		132.5
0.378569641874	5.34872822544		132.6
0.444142320659	4.79460093858		132.7
0.505534532342	2.92288985368		132.8
0.548848919787	3.03342089122		132.9
0.554028502174	0.63093293437		133.0
0.597613850433	0.544841600421		133.1
0.59771404019	-0.0797903806003		133.2
0.640832692947	-0.204969260349		133.3
0.586564496548	-0.757716058315		133.4
0.534628166136	-0.164296808394		133.5
0.578129313461	-0.25868007116		133.6
0.528012098322	0.464702092386		133.7
0.571959102188	0.433860657199		133.8
0.528168653492	-0.305656585252		133.9
0.571744629539	-0.392710769103		134.0
0.573825780847	-0.22934876674		134.1
0.617567634635	-0.297337702173		134.2
0.570075072519	0.167018039354		134.3
0.518849291218	0.253989644525		134.4
0.56282513416	0.23316365243		134.5
0.606800977102	0.212337660335		134.6
0.510380513561	0.698463992075		134.7
0.296553171613	3.49718734255		134.8
0.339896875334	3.38902707998		134.9
0.318576819569	4.55880945248		135.0
-0.599210305472	-7.12001325645		135.1
-1.4888650737	2.42534590037		135.2
-0.371705343018	8.3628739238		135.3
-0.406887604599	8.74035441931		135.4
-0.179507405183	9.0632589378		135.5
-0.204802372148	9.57757731896		135.6
-0.102570658689	10.4497544292		135.7
-0.121922204177	11.0142693351		135.8
0.139787817989	11.5450185386		135.9
0.306893491655	10.3553018199		136.0
0.314464710036	10.9744975874		136.1
0.447835008844	9.32500994677		136.2
0.46842960647	9.880476757		136.3
0.561895678753	9.29466416509		136.4
0.691413009104	6.98649174787		136.5
0.727415295785	7.34784841878		136.6
0.763417582466	7.7092050897		136.7
0.763801777584	1.06451957634		136.8
0.807796247884	1.05455450471		136.9
0.851790718184	1.04458943308		137.0
0.760236018106	-1.36078715936		137.1
0.803119401236	-1.50149633354		137.2
0.79351993763	-0.105347568894		137.3
0.837343082252	-0.161648501262		137.4
0.745356034457	1.64247057256		137.5
0.789245196126	1.68705822536		137.6
0.716682994161	0.310531222571		137.7
0.631313215284	-1.57605522168		137.8
0.458326577224	5.90770296784		137.9
0.328612816697	7.58733088749		138.0
0.340606250949	8.21742069085		138.1
0.478449456559	6.87441999188		138.2
0.525684263738	7.04856282263		138.3
0.640611619587	4.37379286526		138.4
0.6557631389	1.06620036538		138.5
0.695215919164	0.429405940408		138.6
0.674132277303	-1.23954575771		138.7
0.705357978365	-1.86151980432		138.8
0.640476647766	-1.66691964937		138.9
0.67938305326	-1.98441860596		139.0
0.628860678466	0.80038621064		139.1
0.560846927527	1.78460020202		139.2
0.600985832961	2.27985768532		139.3
0.579627321758	0.300606214203		139.4
0.626252825016	0.926353855412		139.5
0.582127808567	0.596210313642		139.6
0.584491567468	0.732692743186		139.7
0.628795380925	1.26806617516		139.8
0.585890967162	-0.0236780954427		139.9
0.631435674099	0.122334781403		140.0
0.577963901298	-0.0112679004146		140.1
0.619263582077	-0.350032617237		140.2
0.560630810036	-0.8188768532		140.3
0.578871197809	-2.22289251737		140.4
0.289533658366	6.90293605616		140.5
0.312721383152	6.77191571558		140.6
0.386845375531	6.64258594335		140.7
0.514693224328	4.48911031856		140.8
0.566114200401	4.31856126346		140.9
0.591991166301	1.61783567181		141.0
0.635728575791	1.4368585666		141.1
0.63896021088	-0.0960981033912		141.2
0.681968304598	-0.229602151109		141.3
0.614972326109	-1.59447267836		141.4
0.659037576333	-1.69162851854		141.5
0.612263637776	-0.151911299348		141.6
0.546930581385	1.45268981244		141.7
0.588979750089	1.75183069249		141.8
0.601401104317	0.870347285842		141.9
0.644819709019	1.18670593944		142.0
0.59942562844	-0.647074576301		142.1
0.544411408447	-0.90208848042		142.2
0.591462550905	-0.658632424238		142.3
0.544001000109	0.887002995362		142.4
0.585825091237	1.26163271472		142.5
0.591162924313	0.889930412683		142.6
0.544110994872	-0.558641802872		142.7
0.589605962377	-0.404018339684		142.8
0.543013049649	0.511715070263		142.9
0.586700723568	0.672807745758		143.0
0.54258746446	-0.150939820744		143.1
0.586762091499	-0.132971105919		143.2
0.587453899217	-0.0237011178792		143.3
0.631366654072	-0.0657175010483		143.4
0.581308352766	0.000105631975502		143.5
0.528109063816	-0.0359506096373		143.6
0.571837623451	-0.141728427622		143.7
0.573283554437	-0.22944335332		143.8
0.616886027411	-0.34506541519		143.9
0.470396159551	0.351154734694		144.0
0.514444656911	0.341409237173		144.1
0.558388622348	0.376316592534		144.2
0.517302382643	-0.0760701440318		144.3
0.520064785291	0.122260481378		144.4
0.563822604429	0.381374600235		144.5
0.606446876345	0.779114720435		144.6
0.563860013143	0.926407102007		144.7
0.198737387948	-6.34836201473		144.8
0.221990958084	-6.88198105561		144.9
0.360988188873	-6.07989042783		145.0
0.488798955571	-0.143031769594		145.1
0.498534659154	1.03758587948		145.2
0.541245538129	1.18862366169		145.3
0.511383259863	0.697958190014		145.4
0.472102305043	-0.550016836543		145.5
0.51607465783	-0.57229609554		145.6
0.482435917823	0.211044765493		145.7
0.526306289197	0.259258819507		145.8
0.52679371906	0.739136456529		145.9
0.570399223714	0.823118918055		146.0
0.533352824247	0.132708557188		146.1
0.57732714028	0.15418245863		146.2
0.53155086653	-0.601918309481		146.3
0.488311000125	-0.337970835943		146.4
0.532304909069	-0.348429460416		146.5
0.537776035706	-0.0993476513808		146.6
0.581769559437	-0.0885634065051		146.7
0.53981789172	0.28911700299		146.8
0.494377020736	0.191893123318		146.9
0.538338439917	0.218209966591		147.0
0.542978213159	0.0957053003849		147.1
0.543938283585	-0.0595950490114		147.2
0.500967244198	-0.090841258268		147.3
0.544967078863	-0.0925644140174		147.4
0.505322764602	0.0437687210544		147.5
0.549317411353	0.0535735220381		147.6
0.552900358977	0.028807649931		147.7
0.508722266819	-0.0273941440172		147.8
0.5527220709	-0.0255183700125		147.9
0.511807445238	0.0167750653726		148.0
0.51486319921	0.00963835469917		148.1
0.0362251881941	7.94765424443		148.2
0.1096878347	8.36999738552		148.3
0.220795393477	8.36789235746		148.4
0.421351054142	7.10247679281		148.5
0.471120090251	7.21877343098		148.6
0.581968128952	4.99261898599		148.7
0.627108043663	5.03650354365		148.8
0.655392956634	2.24605108768		148.9
0.699343785667	2.21069651883		149.0
0.706867369469	0.657952233873		149.1
0.751190559321	0.629790730153		149.2
0.675432033547	-1.64705793602		149.3
0.615538637857	-0.943701867738		149.4
0.661620535403	-0.902151188428		149.5
0.60536102214	0.863295486092		149.6
0.649383340286	1.12529556674		149.7
0.650510368727	0.634874855193		149.8
0.694839546149	0.931760574532		149.9
0.63932275267	-0.42387382439		150.0
0.685587961828	-0.172874499421		150.1
0.623896005637	-0.420305762329		150.2
0.564453695161	0.324592144066		150.3
0.608215554777	0.620411089468		150.4
0.607928313599	0.629445862948		150.5
0.557032858599	-0.149310497062		150.6
0.601723379618	0.0101950714028		150.7
0.553173026574	0.265283467959		150.8
0.597203857914	0.379792270036		150.9
0.550006983505	-0.0629094450089		151.0
0.594085357763	-0.0562289290525		151.1
0.594063248339	-0.0322318295613		151.2
0.637916697479	-0.0941207163072		151.3
0.586672816109	-0.113807247673		151.4
0.532539680722	-0.0753428447926		151.5
0.576145653173	-0.219146448658		151.6
0.531391833558	-0.160743837052		151.7
0.574884514763	-0.332695362057		151.8
0.576147792718	-0.385127812641		151.9
0.619431922927	-0.56364006117		152.0
0.572663430847	-0.127247693599		152.1
0.616511213849	-0.236193988902		152.2
0.264367157366	-6.07641757131		152.3
0.349371970317	-5.01266431252		152.4
0.407309939855	-4.89822322414		152.5
0.483492512262	-3.93502811992		152.6
0.528420882575	-4.01161234784		152.7
0.564250171419	-1.66510292341		152.8
0.608244405082	-1.6664041742		152.9
0.572153686947	0.978411434812		153.0
0.514889030124	1.67355308982		153.1
0.556739705671	1.8662203701		153.2
0.572910384873	0.801448537733		153.3
0.615936321228	0.932124568933		153.4
0.569112032835	-0.955323616895		153.5
0.518802925096	-0.976744172658		153.6
0.508035301171	-1.84885049542		153.7
0.468556410724	0.147751694668		153.8
0.482095831697	-0.722582718619		153.9
0.30905195177	-5.64512072279		154.0
0.353928721236	-5.65981633316		154.1
0.465807737414	-4.72078639508		154.2
-1.02547877321	5.79049929613		154.3
-1.91514735771	-4.26299021314		154.4
-1.77378211866	-4.77025340223		154.5
-0.313193471728	-11.5091679055		154.6
0.0355380772519	-12.5103174973		154.7
0.0156701872554	-13.0719575073		154.8
0.214556139028	-11.5090659758		154.9
0.204342645933	-12.1201247943		155.0
0.191533721708	-10.2735595746		155.1
0.370806441471	-9.90350750482		155.2
0.331787178661	-9.7465372963		155.3
0.498084174946	-8.5019524165		155.4
0.525381727967	-8.99809845103		155.5
0.652066327845	-6.85090667482		155.6
0.689086780491	-7.1958301478		155.7
0.747442876696	-5.96105931264		155.8
0.785368997668	-6.27954567557		155.9
0.813016885958	-3.0983745422		156.0
0.761299623137	0.0615707197754		156.1
0.806480895835	-0.329869591011		156.2
0.725065471942	-0.876628657381		156.3
0.751759534913	-2.52592169949		156.4
0.356299375322	-7.75977013409		156.5
0.408807897315	-7.13460042392		156.6
0.412568697306	-7.88639144067		156.7
0.425540007582	-8.52666963607		156.8
0.612433800314	-4.35077634422		156.9
0.652815397967	-4.60351926523		157.0
0.694118782134	-4.81921378053		157.1
0.730181635146	-3.42555070192		157.2
0.70143394879	-0.308352596569		157.3
0.744894904819	-0.213849302688		157.4
0.672323517423	0.392209584883		157.5
0.71589148263	0.481625322235		157.6
0.649411736962	-0.291823231857		157.7
0.693593409199	-0.290849475208		157.8
0.686120516404	-0.00511421611744		157.9
0.730134754487	0.0292067612962		158.0
0.662915014242	0.406066622653		158.1
0.595370070161	0.196653471957		158.2
0.470066961744	-2.29911327402		158.3
0.4629148897	-2.02442944664		158.4
-0.899169357225	-10.3899633849		158.5
-1.52073109217	2.71444664756		158.6
-1.41545035662	2.45372113923		158.7
-0.598556927315	-7.9181066531		158.8
-0.641796110651	-8.03817888251		158.9
-0.469563992024	-5.37306371428		159.0
-0.403199468529	-6.52266826672		159.1
-0.191907620704	-7.05112769579		159.2
-0.219826813842	-7.53617588797		159.3
-0.248786673643	-8.00911517153		159.4
-0.0501469502118	-9.17796260891		159.5
0.166869125292	-9.47662881094		159.6
0.159262317051	-10.0990553434		159.7
0.254220117335	-10.2798989913		159.8
0.446538441624	-9.35014597419		159.9
0.464143971939	-9.92609106866		160.0
0.618948625309	-8.04855310284		160.1
0.659254671155	-8.37355394536		160.2
0.761125447265	-5.31573211644		160.3
0.822887469587	-4.84912450681		160.4
0.420993759328	-8.75755357997		160.5
0.441210298791	-9.32701698398		160.6
0.558627455311	-7.72275461341		160.7
0.662244249478	-5.38289291197		160.8
0.704204102993	-5.6199662375		160.9
0.730222398053	-2.63186319759		161.0
0.736968264492	-1.03721680318		161.1
0.781402592595	-0.988172166297		161.2
0.825667311622	-0.958301774363		161.3
0.74547761377	1.30707515338		161.4
0.788938058534	1.40582563983		161.5
0.710699806708	1.19542286466		161.6
0.633567418905	-1.29277802011		161.7
0.675656929112	-1.50434512879		161.8
0.676665600741	-0.523266862458		161.9
0.719510847555	-0.758109548377		162.0
0.502502464437	3.06258390996		162.1
0.549971218798	3.01415584444		162.2
0.59789592502	2.91428405425		162.3
0.645949209222	2.76625046401		162.4
0.693808791041	2.57539984579		162.5
0.659196829135	-0.711460415449		162.6
0.580686891136	-1.99614447406		162.7
0.615559842338	-2.50195444049		162.8
0.589972692968	-0.312320482325		162.9
0.63245809987	-0.646969694979		163.0
0.628983218642	-0.693343003775		163.1
0.671164863489	-0.986541063101		163.2
0.618180458817	-0.032663411211		163.3
0.662081471641	-0.19595725991		163.4
0.601670359828	0.621232504098		163.5
0.64589962724	0.595880336526		163.6
0.590148006289	0.275436533822		163.7
0.535019584036	-0.372392954118		163.8
0.579359754561	-0.291681713526		163.9
0.580841488152	0.195692277079		164.0
0.530782773354	0.615638354707		164.1
0.571635889362	1.11337840625		164.2
0.533724859137	0.479225320479		164.3
0.572875376503	1.37318913158		164.4
0.60027644937	2.59904968256		164.5
0.397975278155	4.97485887671		164.6
0.452113355352	3.39945815824		164.7
0.492338868888	2.45518579519		164.8
0.518237671043	1.32320805108		164.9
0.562119156248	1.21579492151		165.0
0.569543036001	0.0165963976344		165.1
0.514777808283	-1.20117220529		165.2
0.553834240272	-1.51667209887		165.3
0.5922948388	-1.8502982985		165.4
0.567806094846	-0.207554192433		165.5
0.513806148079	0.974810902585		165.6
0.520180263704	0.108991598663		165.7
0.562905748068	-0.114846518628		165.8
0.518599939517	-0.360790243439		165.9
0.560490097626	-0.62248643365		166.0
0.601900337055	-0.902104098661		166.1
0.561893007062	-0.3893533455		166.2
0.557858061277	0.0749112596742		166.3
0.556270776575	0.170449999052		166.4
0.555241211653	-0.0927238146776		166.5
0.598419905062	-0.313631786885		166.6
0.550605453089	-0.824753131856		166.7
0.592494816769	-1.08609053675		166.8
0.549246018295	-0.446473030866		166.9
0.501671550214	0.516351093077		167.0
0.546305398517	0.402744153241		167.1
0.50646226544	-0.41201478251		167.2
0.549789485545	-0.587909041667		167.3
0.554180821564	-0.438025834143		167.4
0.5977013096	-0.587026520362		167.5
0.554968938339	0.11623221974		167.6
0.506176118607	0.415452619921		167.7
0.550450358474	0.370865223488		167.8
0.510263215731	-0.267968878487		167.9
0.554088218289	-0.350594658854		168.0
0.557684292163	-0.213034085789		168.1
0.601620529233	-0.264706977787		168.2
0.55688967947	0.162185421315		168.3
0.508089247946	0.253162915868		168.4
0.552082515385	0.267689479686		168.5
0.555743118154	0.0897645109076		168.6
0.599732825993	0.105357656775		168.7
0.555029640316	-0.171176057142		168.8
0.59905050275	-0.161632480206		168.9
0.550754664785	-0.0993339996505		169.0
0.502727928214	0.126706389873		169.1
0.546653212239	0.17787994421		169.2
0.550501928027	0.134880980977		169.3
0.594432817218	0.187963028946		169.4
0.550820229471	-0.0130586493897		169.5
0.503148172905	-0.11227436288		169.6
0.547177658279	-0.0847851785199		169.7
0.507146049164	0.0908481327466		169.8
0.551116597978	0.125420935179		169.9
0.510535479165	-0.00929334057494		170.0
0.554537479874	-0.0023991079413		170.1
0.557694258763	0.00103499308134		170.2
0.601690655361	-0.0160583926361		170.3
0.556698966038	-0.0486966436933		170.4
0.508025171908	-0.0545651625908		170.5
0.551969823823	-0.128028043967		170.6
0.511236505896	-0.0921377672264		170.7
0.555116447557	-0.212987106945		170.8
0.558123477867	-0.295939788646		170.9
0.601633689769	-0.486353918289		171.0
0.557459293642	-0.302321402118		171.1
0.509478161684	0.0515158157358		171.2
0.553713479304	-0.20160779806		171.3
0.512706013903	-0.402868095515		171.4
0.555675287949	-0.757793258271		171.5
0.517786398886	-0.288726817493		171.6
0.561426815965	-0.684449912823		171.7
0.564230995056	-0.900412576174		171.8
0.605636939904	-1.37852900901		171.9
0.568739348636	-0.577495614014		172.0
0.521386762225	0.511088716366		172.1
0.568696215074	0.150246487108		172.2
0.525100345576	-0.764567119152		172.3
0.567724968523	-1.20613727934		172.4
0.574207140313	-1.03307191188		172.5
0.616616782432	-1.44284254916		172.6
0.580426197039	0.0669600406713		172.7
