0.31194399559	2.66729029759		0.1
0.324808697762	2.64340679075		0.2
0.344204708745	2.39370645172		0.3
0.364121228028	1.96126054596		0.4
0.380413577131	1.37313791361		0.5
0.389129146776	0.763300605748		0.6
0.390418359003	0.397367695269		0.7
0.389214861569	0.181170404859		0.8
0.387260191914	0.0524766432524		0.9
0.385160047578	-0.0247179911357		1.0
0.383132740503	-0.0705168375963		1.1
0.381260045831	-0.0961265479082		1.2
0.379571053248	-0.107921212678		1.3
0.378071205903	-0.109716097526		1.4
0.376753296077	-0.104034841875		1.5
0.375602560022	-0.0928123728721		1.6
0.374599865878	-0.0777698921679		1.7
0.373724161235	-0.0605891555443		1.8
0.37295433817	-0.0429606433053		1.9
0.372270386377	-0.0265574316103		2.0
0.371653753741	-0.0129770075587		2.1
0.37108701283	-0.00368722154538		2.2
0.370553086443	-5.70767315899e-06		2.3
0.353191719292	0.254886686536		2.4
0.23694230795	1.57115973948		2.5
0.128457397371	-2.89232327822		2.6
0.202353593414	2.48723592579		2.7
0.0508775384387	-4.08546334548		2.8
0.156590335039	3.59683239806		2.9
-0.0547297997164	-5.77000502722		3.0
0.201419375128	3.10576014228		3.1
-0.588850109914	7.92227598811		3.2
-0.50169115309	0.45897972377		3.3
-0.307087209657	4.23073061063		3.4
-0.244063760187	3.93854006815		3.5
-0.198966852823	3.80259673448		3.6
-0.15844542195	4.47740645181		3.7
-0.116093101576	4.76543686302		3.8
-0.0632723313544	5.33566708105		3.9
-0.00415920016234	5.80891646114		4.0
0.059543826135	6.16118519385		4.1
0.125902811257	6.37351896135		4.2
0.192861866698	6.43255571007		4.3
0.258349283431	6.33066115951		4.4
0.32036920736	6.06567311		4.5
0.377070347953	5.64034990763		4.6
0.426788011221	5.06166788066		4.7
0.468061315955	4.34012192288		4.8
0.499632009292	3.48915234143		4.9
0.520433510394	2.52476372664		5.0
0.529578293217	1.46533993336		5.1
0.526074983157	0.410889406009		5.2
0.513691745025	0.0796830775944		5.3
0.501377602008	-0.0365827554263		5.4
0.489815989414	-0.0920528837039		5.5
0.478938871198	-0.135343302559		5.6
0.468600962077	-0.184949560402		5.7
0.458619227319	-0.251877886917		5.8
0.448733254116	-0.34815042813		5.9
0.438504933188	-0.492712077472		6.0
0.427065210957	-0.719628509606		6.1
0.41244151954	-1.09110849613		6.2
0.127878879606	-4.5480211831		6.3
0.156875626501	-4.78033496733		6.4
0.197347723843	-4.883671071		6.5
0.243642532047	-4.83892233193		6.6
0.291532698397	-4.63295519189		6.7
0.337551526485	-4.26017825035		6.8
0.378735686788	-3.72279681682		6.9
0.412550140317	-3.03060107515		7.0
0.436892668245	-2.20043072113		7.1
0.450128428651	-1.25532329313		7.2
0.450409705021	-0.426522812651		7.3
0.443498433916	-0.0744566586529		7.4
0.436199087836	0.0722620649955		7.5
0.429556258677	0.129890131368		7.6
0.423647266867	0.146955917424		7.7
0.418403227302	0.14456700876		7.8
0.413740382752	0.132614170738		7.9
0.409578734422	0.116307417114		8.0
0.405844220775	0.0988492824545		8.1
0.402469225601	0.082526434259		8.2
0.399392844271	0.0691482456767		8.3
0.396560645189	0.0602293235185		8.4
0.393923787519	0.0570944212935		8.5
0.375554834085	-0.209414088415		8.6
0.33737142547	-0.705429702332		8.7
0.215529409805	-2.24468516351		8.8
0.193177683281	-3.19853403543		8.9
0.232266302751	-2.47691940239		9.0
-0.461465259816	5.1303373574		9.1
0.285556117144	-1.83527054977		9.2
-0.755857750272	-2.1752809669		9.3
-0.136378092369	-7.29666289789		9.4
-0.0656835528524	-7.7896356598		9.5
-0.0232070410165	-6.89258010253		9.6
0.044321955678	-7.24868794779		9.7
0.0691101497007	-6.63568828546		9.8
0.132674612814	-6.85868440851		9.9
0.122422108744	-6.49078064132		10.0
0.193505750038	-6.54248199855		10.1
0.259310939332	-6.39627483021		10.2
0.328644549296	-6.10754693359		10.3
0.386932350109	-5.27041479785		10.4
0.434106237274	-4.62672041078		10.5
0.471855684113	-3.84082894721		10.6
0.498919358882	-2.93141008027		10.7
0.51436060393	-1.91999545477		10.8
0.51755003458	-0.830151457368		10.9
0.508367546288	-0.224900915366		11.0
0.496941053653	-0.0297627935319		11.1
0.486183460581	0.0355097773774		11.2
0.476252948413	0.0602709894149		11.3
0.467054832858	0.0746531520466		11.4
0.458483102452	0.0899653745172		11.5
0.450437035153	0.111478825812		11.6
0.442815318109	0.142896638467		11.7
0.435505534505	0.188345251202		11.8
0.428366227382	0.253887620954		11.9
0.421190990916	0.349580576256		12.0
0.41362642354	0.493188030221		12.1
0.40496341492	0.717373561639		12.2
0.209274145913	-4.48741660685		12.3
0.261915166877	-4.26748906511		12.4
0.310385911725	-3.87942569128		12.5
0.35234183485	-3.3282045889		12.6
0.385677650891	-2.6261666315		12.7
0.408624824413	-1.7923575977		12.8
0.419828930702	-0.851552787741		12.9
0.418161299825	-0.263002717694		13.0
0.413026182031	0.00943584041837		13.1
0.407926969079	0.13123929631		13.2
0.40343148104	0.180452085376		13.3
0.399539522316	0.193444272251		13.4
0.396165411078	0.18756297036		13.5
0.393226377636	0.171348782965		13.6
0.390653723249	0.149170348277		13.7
0.388391071388	0.123372948728		13.8
0.38639177062	0.095297372114		13.9
0.384617079414	0.0657738826019		14.0
0.38303497207	0.0353677138053		14.1
0.381619277042	0.00450515620349		14.2
0.380348967353	-0.026458523256		14.3
0.379207512119	-0.0572000741632		14.4
0.378182246429	-0.0874043247421		14.5
0.377263738321	-0.116749042368		14.6
0.346266904403	-0.102942009413		14.7
0.347935206644	-0.1524799821		14.8
0.349516405389	-0.190997974466		14.9
0.351029376506	-0.221421901263		15.0
0.352484551152	-0.245478808343		15.1
0.353887471613	-0.264154764986		15.2
0.355240104456	-0.277998758263		15.3
0.356541370432	-0.287324114738		15.4
0.357787519087	-0.292340545011		15.5
0.358972600438	-0.29323754514		15.6
0.360089100576	-0.290232301428		15.7
0.361128708323	-0.283591065616		15.8
0.362083128596	-0.273630949073		15.9
0.362944841963	-0.260708173495		16.0
0.363707721606	-0.245198227247		16.1
0.364367449383	-0.227472648081		16.2
0.364921710905	-0.207876131893		16.3
0.365370184894	-0.186706429665		16.4
0.365714367401	-0.164198226182		16.5
0.36595728397	-0.140511078609		16.6
0.366103143815	-0.115720644909		16.7
0.366156983071	-0.0898118764327		16.8
0.366124333404	-0.0626725388779		16.9
0.36601094139	-0.0340852755686		17.0
0.365822555514	-0.00371634483439		17.1
0.365564793092	0.0289009205326		17.2
0.365243099902	0.0643899912511		17.3
0.364862822167	0.103564479333		17.4
0.364429426456	0.147472827082		17.5
0.363948934137	0.197455078645		17.6
0.334503967566	0.186849805943		17.7
0.336215797736	0.291100202655		17.8
0.337768233909	0.394691226108		17.9
0.339238853116	0.505315156848		18.0
0.340716502174	0.62897517912		18.1
0.342328231134	0.76955355872		18.2
0.344274051181	0.927148215541		18.3
0.00146931086967	-4.70811596007		18.4
0.0611798995274	-5.04548770202		18.5
0.12339180186	-5.23251268203		18.6
0.185921221753	-5.25666723333		18.7
0.246549372884	-5.11087596011		18.8
0.303095339289	-4.79372412008		18.9
0.353486756747	-4.3094926791		19.0
0.39582627294	-3.66801820503		19.1
0.428451908983	-2.88438466402		19.2
0.449989656704	-1.97845877204		19.3
0.459396898064	-0.974284725822		19.4
0.455604473527	-0.287887267917		19.5
0.447690017778	-0.0093414346761		19.6
0.439995812698	0.102595367		19.7
0.433044049152	0.145575490491		19.8
0.426803446227	0.159148668488		19.9
0.421187379144	0.159852832909		20.0
0.416119456217	0.154844799479		20.1
0.411536631596	0.147328218922		20.2
0.407385833791	0.138787538031		20.3
0.403621358349	0.129936285835		20.4
0.400203263039	0.12113110904		20.5
0.397096350122	0.112557376586		20.6
0.394269457722	0.104314581995		20.7
0.3916949189	0.0964567575476		20.8
0.389348120887	0.0890122467845		20.9
0.38720713195	0.081993801972		21.0
0.38525237925	0.0754040417691		21.1
0.383466368215	0.0692386215377		21.2
0.381833437208	0.0634882334692		21.3
0.38033954285	0.0581399760301		21.4
0.378972072165	0.0531783584481		21.5
0.377719678258	0.0485860747349		21.6
0.376572136586	0.0443446182092		21.7
0.375520219242	0.0404347764131		21.8
0.374555584933	0.0368370309063		21.9
0.373670682611	0.0335318785931		22.0
0.372858666967	0.0305000870735		22.1
0.372113324218	0.0277228941152		22.2
0.371429006812	0.0251821597986		22.3
0.37080057588	0.0228604787561		22.4
0.370223350393	0.0207412590064		22.5
0.369693062161	0.0188087730815		22.6
0.369205815889	0.0170481864215		22.7
