0.0407884426074	-3.52357375835		0.1
0.044051518016	-3.80545965902		0.2
0.0473145934246	-4.08734555969		0.3
0.0940612950494	-4.21086811478		0.4
0.140782624425	-4.21932019405		0.5
0.185994272926	-4.10792411731		0.6
0.22822955835	-3.8755959671		0.7
0.266085457569	-3.52500332278		0.8
0.298266505845	-3.06250984667		0.9
0.323625306059	-2.49800950576		1.0
0.341198506187	-1.84465627407		1.1
0.350237247376	-1.11849800923		1.2
0.348803219621	-0.563901494967		1.3
0.34230797493	-0.254876101023		1.4
0.334874941654	-0.0832271176513		1.5
0.327688133629	0.0126459248087		1.6
0.321044560408	0.0660866657322		1.7
0.314982530704	0.0952386554038		1.8
0.309468827267	0.110177559043		1.9
0.304454301196	0.116634805868		2.0
0.299889942191	0.117951550674		2.1
0.295731007821	0.116123317937		2.2
0.291937617693	0.112370762924		2.3
0.288474389642	0.107458320891		2.4
0.285309891383	0.101875806194		2.5
0.282416121202	0.0959439522827		2.6
0.279768061925	0.0898769171769		2.7
0.277343305552	0.0838199993586		2.8
0.275121736279	0.0778728335677		2.9
0.273085260205	0.0721039469684		3.0
0.271217572612	0.0665600963325		3.1
0.269503956068	0.0612724048704		3.2
0.267931104338	0.0562605057839		3.3
0.266486968253	0.051535423171		3.4
0.265160620497	0.0471016376224		3.5
0.263942136799	0.0429586134602		3.6
0.262822491409	0.0391019610522		3.7
0.261793465041	0.0355243441794		3.8
0.260847563673	0.0322162032335		3.9
0.25997794684	0.0291663406329		4.0
0.259178364172	0.0263623995791		4.1
0.258443099134	0.0237912576517		4.2
0.257766919028	0.0214393506211		4.3
0.25714503045	0.0192929379331		4.4
0.256573039507	0.0173383187522		4.5
0.256046916195	0.0155620057362		4.6
0.105956122818	3.33558018272		4.7
0.147916075244	3.26384707327		4.8
0.187131037012	3.0704470965		4.9
0.222097049206	2.75875386309		5.0
0.251447929259	2.33618651455		5.1
0.273998396072	1.81394733284		5.2
0.288781034613	1.20664736303		5.3
0.293525149022	0.684948802693		5.4
0.291982159456	0.343900604248		5.5
0.288383493576	0.126597147586		5.6
0.284410491461	-0.0103153538993		5.7
0.280663938716	-0.0954295613815		5.8
0.277319590559	-0.146937973913		5.9
0.274394206289	-0.176420587237		6.0
0.271850362811	-0.191347099651		6.1
0.269636928396	-0.19661937696		6.2
0.267703995512	-0.195510058347		6.3
0.266007707072	-0.190238022138		6.4
0.264511162957	-0.182326785526		6.5
0.263183902878	-0.172831986184		6.6
0.262000967275	-0.162488700176		6.7
0.260941925638	-0.151808796057		6.8
0.25999000988	-0.141146556027		6.9
0.259131388179	-0.130743750749		7.0
0.258354575127	-0.120761150721		7.1
0.257649960555	-0.111300910312		7.2
0.257009436663	-0.102422693456		7.3
0.256426104438	-0.0941554303275		7.4
0.255894043047	-0.0865059720329		7.5
0.255408128766	-0.0794655085243		7.6
0.254963892633	-0.0730143511366		7.7
0.254557408253	-0.0671255049608		7.8
0.254185203022	-0.0617673365774		7.9
0.253844187499	-0.0569055599572		8.0
0.253531598866	-0.0525047052018		8.1
0.253244955314	-0.0485291932833		8.2
0.252982018918	-0.0449441098316		8.3
0.252740765144	-0.041715748883		8.4
0.252519357536	-0.0388119810077		8.5
0.252316126504	-0.03620248781		8.6
0.252129551338	-0.0338588953366		8.7
0.251958244827	-0.0317548316706		8.8
0.251800939958	-0.0298659283709		8.9
0.251656478333	-0.0281697810504		9.0
0.251523799977	-0.0266458809668		9.1
0.251401934328	-0.0252755268196		9.2
0.251289992207	-0.024041723835		9.3
0.251187158633	-0.0229290755541		9.4
0.251092686359	-0.0219236724276		9.5
0.251005890039	-0.0210129802837		9.6
0.250926140946	-0.0201857309214		9.7
0.250852862178	-0.0194318164373		9.8
0.250785524296	-0.0187421883987		9.9
0.250723641351	-0.0181087625823		10.0
0.250666767261	-0.0175243297002		10.1
0.250614492497	-0.0169824723031		10.2
0.250566441059	-0.0164774878835		10.3
0.250522267705	-0.016004318067		10.4
0.25048165542	-0.0155584836948		10.5
0.250444313091	-0.015136025531		10.6
0.250409973382	-0.0147334502911		10.7
0.250378390788	-0.0143476816591		10.8
0.250349339848	-0.0139760159515		10.9
0.250322613502	-0.0136160820835		11.0
0.250298021598	-0.0132658054977		11.1
0.250275389504	-0.012923375726		11.2
0.250254556852	-0.012587217272		11.3
0.250235376374	-0.0122559635144		11.4
0.250217712838	-0.0119284333532		11.5
0.250201442068	-0.011603610339		11.6
0.250186450052	-0.0112806240425		11.7
0.250172632115	-0.0109587334449		11.8
0.250159892162	-0.0106373121437		11.9
0.250148141983	-0.0103158351885		12.0
0.250137300617	-0.00999386737751		12.1
0.250127293763	-0.00967105286163		12.2
0.250118053244	-0.00934710591659		12.3
0.250109516508	-0.00902180275779		12.4
0.250101626176	-0.00869497428501		12.5
0.250094329622	-0.00836649965526		12.6
0.25008757859	-0.0080363005927		12.7
0.250081328839	-0.00770433635395		12.8
0.250075539819	-0.00737059927582		12.9
0.25007017437	-0.00703511083998		13.0
0.25006519845	-0.00669791819665		13.1
0.25006058088	-0.00635909109509		13.2
0.25005629311	-0.00601871917511		13.3
0.250052309008	-0.00567690957785		13.4
0.25004860466	-0.00533378484		13.5
0.25004515819	-0.00498948103817		13.6
0.250041949595	-0.0046441461555		13.7
0.250038960584	-0.00429793864393		13.8
0.250036174447	-0.0039510261603		13.9
0.250033575916	-0.00360358445549		14.0
0.250031151047	-0.00325579639915		14.1
0.250028887114	-0.00290785112388		14.2
0.250026772499	-0.00255994327539		14.3
0.250024796608	-0.00221227235539		14.4
0.250022949774	-0.00186504214717		14.5
0.250021223185	-0.00151846021313		14.6
0.250019608809	-0.00117273745647		14.7
0.250018099325	-0.000828087738878		14.8
0.250016688058	-0.00048472754777		14.9
0.25001536893	-0.00014287570652		15.0
0.250014136396	0.000197246876826		15.1
0.250012985404	0.000535417427766		15.2
0.250011911347	0.000871411494551		15.3
0.250010910018	0.00120500311159		15.4
0.250009977579	0.00153596494135		15.5
0.250009110517	0.00186406839634		15.6
0.250008305619	0.00218908374519		15.7
0.25000755994	0.00251078020396		15.8
0.25000687077	0.00282892601565		15.9
0.250006235617	0.00314328851879		16.0
0.250005652179	0.00345363420781		16.1
0.250005118321	0.00375972878539		16.2
0.250004632059	0.00406133720927		16.3
0.250004191539	0.00435822373362		16.4
0.250003795021	0.00465015194683		16.5
0.250003440864	0.00493688480543		16.6
0.250003127514	0.0052181846666		16.7
0.250002853484	0.00549381331805		16.8
0.25000261735	0.00576353200735		16.9
0.250002417738	0.00602710147011		17.0
0.250002253312	0.00628428195849		17.1
0.250002122765	0.00653483326922		17.2
0.250002024815	0.00677851477251		17.3
0.250001958194	0.0070150854415		17.4
0.250001921642	0.00724430388215		17.5
0.250001913904	0.00746592836493		17.6
0.250001933719	0.00767971685664		17.7
0.250001979821	0.00788542705407		17.8
0.250002050934	0.00808281641845		17.9
0.250002145767	0.00827164221109		18.0
0.25000226301	0.00845166153014		18.1
0.250002401335	0.00862263134808		18.2
0.250002559394	0.00878430855021		18.3
0.250002735812	0.00893644997404		18.4
0.250002929195	0.00907881244864		18.5
0.25000313812	0.00921115283484		18.6
0.250003361144	0.00933322806516		18.7
0.250003596795	0.00944479518375		18.8
0.250003843582	0.0095456113857		18.9
0.250004099988	0.00963543405608		19.0
0.250004364477	0.0097140208075		19.1
0.250004635492	0.00978112951654		19.2
0.250004911459	0.00983651835866		19.3
0.250005190791	0.00987994584103		19.4
0.250005471885	0.0099111708332		19.5
0.250005753133	0.00992995259493		19.6
0.250006032919	0.00993605080142		19.7
0.250006309624	0.00992922556474		19.8
0.250006581635	0.0099092374524		19.9
0.25000684734	0.00987584750112		20.0
0.250007105143	0.00982881722693		20.1
0.250007353459	0.00976790863062		20.2
0.250007590728	0.00969288419816		20.3
0.250007815414	0.00960350689614		20.4
0.250008026014	0.00949954016203		20.5
0.250008221062	0.00938074788845		20.6
0.250008399137	0.00924689440225		20.7
0.25000855887	0.00909774443724		20.8
0.250008698948	0.00893306310108		20.9
0.250008818123	0.00875261583597		21.0
0.25000891522	0.00855616837368		21.1
0.250008989143	0.00834348668368		21.2
0.250009038884	0.008114336916		21.3
0.250009063529	0.00786848533774		21.4
0.25000906227	0.00760569826411		21.5
0.25000903441	0.0073257419837		21.6
0.250008979375	0.00702838267929		21.7
0.250008896721	0.00671338634311		21.8
0.250008786142	0.00638051868862		21.9
0.250008647486	0.00602954505813		22.0
0.250008480756	0.00566023032793		22.1
0.250008286127	0.00527233881072		22.2
0.250008063956	0.00486563415711		22.3
0.250007814788	0.00443987925677		22.4
0.250007539372	0.0039948361399		22.5
0.25000723867	0.00353026588149		22.6
0.250006913868	0.00304592850802		22.7
0.250006566392	0.00254158291		22.8
0.250006197915	0.00201698676012		22.9
0.250005810373	0.00147189644041		23.0
0.250005405976	0.000906066979364		23.1
0.250004987224	0.000319252001368		23.2
0.250004556916	-0.000288796308458		23.3
0.25000411817	-0.000918327222803		23.4
0.250003674433	-0.00156959147041		23.5
0.250003229495	-0.00224284121118		23.6
0.250002787508	-0.00293832998528		23.7
0.250002353001	-0.00365631263255		23.8
0.250001930891	-0.00439704517881		23.9
0.250001526506	-0.00516078468485		24.0
0.250001145596	-0.00594778905394		24.1
0.250000794355	-0.0067583167936		24.2
0.250000479434	-0.00759262672671		24.3
0.250000207964	-0.00845097764645		24.4
0.249999987569	-0.00933362791057		24.5
0.249999826389	-0.0102408349682		24.6
0.269998787179	-0.0148302854709		24.7
0.24840008818	-0.0108576130023		24.8
0.268398973708	-0.0160676330529		24.9
0.247056545095	-0.0121646892905		25.0
0.267055295111	-0.0180888528962		25.1
0.245928416476	-0.0138116190502		25.2
0.265927003348	-0.0205078623327		25.3
0.244981440346	-0.0156511718576		25.4
0.264979855285	-0.0231628984027		25.5
0.244186853322	-0.0176208409976		25.6
0.264185099949	-0.0259857891917		25.7
0.243520519355	-0.0196941887938		25.8
0.26351861064	-0.0289481754794		25.9
0.242962194089	-0.0218603577098		26.0
0.26296015101	-0.0320388178456		26.1
0.242494905616	-0.0241152244287		26.2
0.262492756738	-0.0352537725832		26.3
0.242104433724	-0.0264574719717		26.4
0.242740158359	-0.0294174224085		26.5
0.243325873078	-0.0319905589935		26.6
0.263322775475	-0.0454192538121		26.7
0.242809269634	-0.0325566184861		26.8
0.262806783721	-0.0468685456271		26.9
0.242377813492	-0.0343283131102		27.0
0.262375654063	-0.0496757532258		27.1
0.242018802304	-0.0366842776007		27.2
0.262016879664	-0.0531514150836		27.3
0.241721393566	-0.0393420390012		27.4
0.26171971885	-0.0569818484302		27.5
0.241476434472	-0.042171865153		27.6
0.242172820857	-0.0464330850664		27.7
0.262170483311	-0.0661449946248		27.8
0.241866259261	-0.0476939215395		27.9
0.24253598744	-0.0519685752127		28.0
0.243154549995	-0.0555914189506		28.1
0.263151833162	-0.0780757280786		28.2
0.242708239843	-0.054900493763		28.3
0.262708178185	-0.0783282112635		28.4
0.242338602847	-0.0564570473833		28.5
0.242981279359	-0.0614730877884		28.6
0.243575850896	-0.0656633960164		28.7
0.263575187364	-0.0921228458396		28.8
0.243090960482	-0.0645108230938		28.9
0.243683259598	-0.0694443985221		29.0
0.263685077733	-0.0977908894257		29.1
0.264233112468	-0.102778915134		29.2
0.263202786328	-0.0981338362113		29.3
0.220101635457	-0.0272768375611		29.4
0.24013652963	-0.054013895666		29.5
0.260156165208	-0.083805870482		29.6
0.240223105869	-0.067802397043		29.7
0.260237343357	-0.0998967835187		29.8
0.261071761836	-0.109890749307		29.9
0.260331200897	-0.109310306218		30.0
0.259533908895	-0.105547049045		30.1
0.279530360005	-0.142677592954		30.2
0.258063358511	-0.0993170576564		30.3
0.235218858716	-0.0513903369108		30.4
0.255261040849	-0.0854341969195		30.5
0.254707354869	-0.0867618389727		30.6
0.274726479488	-0.124820113016		30.7
0.254081105376	-0.101361713678		30.8
0.231948895871	-0.0628757170993		30.9
0.233478269838	-0.0789832938313		31.0
0.253514067155	-0.117758637679		31.1
0.254922863208	-0.131276181722		31.2
0.234474098206	-0.0879858953438		31.3
0.254514777593	-0.127890061888		31.4
0.235606346976	-0.0961056112604		31.5
0.255648244853	-0.136832082466		31.6
0.256919598984	-0.145778929171		31.7
0.256632390766	-0.140565885406		31.8
0.276647037925	-0.185047811993		31.9
0.255897735518	-0.124076611603		32.0
0.233571578323	-0.0587123958125		32.1
0.253663456735	-0.0964027718355		32.2
0.25509159786	-0.116076606234		32.3
0.254940589475	-0.123703237835		32.4
0.234389250437	-0.0833468822314		32.5
0.254469547696	-0.123039247562		32.6
0.235596192521	-0.0941177618828		32.7
0.255672808514	-0.13435307042		32.8
0.256975371815	-0.143215775687		32.9
0.256714188996	-0.137799397802		33.0
0.276761808447	-0.180882241877		33.1
0.256019809912	-0.120089209187		33.2
0.23368989487	-0.0554439698082		33.3
0.253808263457	-0.090854832999		33.4
0.255249944558	-0.108973457595		33.5
0.255106017709	-0.115485803356		33.6
0.275178706926	-0.155325776449		33.7
0.2546359234	-0.113152431078		33.8
0.23252383039	-0.0584015295517		33.9
0.234074773337	-0.0727772869972		34.0
0.254183085196	-0.1076510463		34.1
0.103025916596	3.14485405172		34.2
0.110455635887	3.31297186165		34.3
0.115125454081	3.65207471613		34.4
0.182616149454	3.31211554827		34.5
0.194248798591	3.58666190476		34.6
0.231179928825	3.37495402966		34.7
0.266751515399	3.04031542233		34.8
0.283573504305	3.22041366059		34.9
0.320469273533	2.02968520414		35.0
0.322320239151	0.664411289156		35.1
0.342674538858	0.649725593588		35.2
0.33928092507	0.308152466699		35.3
0.332288647655	-0.0451902794806		35.4
0.297768099234	-0.237466202881		35.5
0.317011233303	-0.318541913442		35.6
0.28803385624	-0.16772367293		35.7
0.307320965826	-0.243868269129		35.8
0.303786586589	-0.252570030643		35.9
0.274850015852	-0.131687272886		36.0
0.294163437895	-0.205867889883		36.1
0.268367405351	-0.152030421102		36.2
0.287661028477	-0.228500172434		36.3
0.285680486694	-0.2489768119		36.4
0.282298780908	-0.241391798684		36.5
0.301495557423	-0.325955504996		36.6
0.276218059008	-0.215801821581		36.7
0.250011834941	-0.0964936066709		36.8
0.249583087797	-0.138156916848		36.9
0.269002896263	-0.218483376361		37.0
0.268615490359	-0.252833743276		37.1
0.245724374358	-0.171517176668		37.2
0.265169547463	-0.256169539923		37.3
0.244429150046	-0.193604461002		37.4
0.263899151782	-0.280557385946		37.5
0.264148202031	-0.301477375354		37.6
0.26305397563	-0.291548176886		37.7
0.241424055138	-0.172619202477		37.8
0.261068618978	-0.256759421038		37.9
0.241204709974	-0.194199257086		38.0
0.260876573317	-0.278358326058		38.1
0.261588199656	-0.295509673022		38.2
0.260929636471	-0.281199880809		38.3
0.239809978817	-0.161403170334		38.4
0.259657315903	-0.235607218203		38.5
0.240127522318	-0.172804885013		38.6
0.260002717782	-0.2428929155		38.7
0.260930972062	-0.251445018646		38.8
0.260408380261	-0.231543628011		38.9
0.259829788937	-0.203652317626		39.0
0.279735949569	-0.263285215236		39.1
0.258697372948	-0.156358281035		39.2
0.235977043507	-0.0559195610996		39.3
0.256039646856	-0.0927545265523		39.4
0.236815009941	-0.0773906393427		39.5
0.256852348341	-0.10904344472		39.6
0.257989453123	-0.111174603719		39.7
0.25754326821	-0.0981714943055		39.8
0.277559396241	-0.120536636828		39.9
0.212095894895	0.0158163503672		40.0
0.232131212833	0.0103775293681		40.1
0.233584887905	0.00383437835636		40.2
0.253599056224	0.00300742384758		40.3
0.254918674797	0.00349614110251		40.4
0.234237092063	0.00585119015596		40.5
0.254230585212	0.0132273160538		40.6
0.235143131726	0.0170339059374		40.7
0.255125482791	0.0299152220818		40.8
0.256294463736	0.0395950511682		40.9
0.2558649749	0.0470820634339		41.0
0.275830082521	0.0675564510991		41.1
0.254820537017	0.0608245821803		41.2
0.232382815157	0.039844938185		41.3
0.252353392441	0.0621760466533		41.4
0.253746721749	0.0721884496991		41.5
0.25355565828	0.0747959804755		41.6
0.233009357978	0.0485803882229		41.7
0.252988315946	0.070205724792		41.8
0.232505465275	0.0420617932667		41.9
0.233909324871	0.04606401895		42.0
0.253899549868	0.0623557352659		42.1
0.255197323361	0.0606467591663		42.2
0.234505384186	0.029481335712		42.3
0.25450531937	0.0351472174301		42.4
0.235396002424	0.0147161983006		42.5
0.25539477151	0.0106266900987		42.6
0.256558861265	-0.00422307477729		42.7
0.256114073244	-0.0243889971732		42.8
0.276088626476	-0.0484782652364		42.9
0.255042575379	-0.0707058713781		43.0
0.23255368124	-0.0715985263919		43.1
0.252468102144	-0.121351495122		43.2
0.253793630135	-0.157767337708		43.3
0.25355166047	-0.188188016947		43.4
0.273260669913	-0.274558222895		43.5
0.252951989548	-0.248319902521		43.6
0.231387643922	-0.179508263198		43.7
0.251103292343	-0.295874536395		43.8
0.102731331518	2.94570468694		43.9
0.0886107003809	3.20679317236		44.0
0.100714526541	3.43424462144		44.1
0.171685626846	3.03656292745		44.2
0.226889318288	2.27867186212		44.3
0.246040001865	2.36104894249		44.4
0.275116519688	1.85139540708		44.5
0.280922330651	0.631545201789		44.6
0.300603603493	0.58074045487		44.7
0.276103678578	0.0314885714		44.8
0.273109114666	-0.0652303882691		44.9
0.29219716366	-0.150522665619		45.0
0.289538001074	-0.208838611297		45.1
0.262681892538	-0.152643444413		45.2
0.282006162901	-0.226284292268		45.3
0.258355300474	-0.15529641809		45.4
0.257398983318	-0.161343453779		45.5
0.276970939013	-0.22013841104		45.6
0.276230074285	-0.215295703673		45.7
0.252176891395	-0.105906664489		45.8
0.271959472129	-0.147920995081		45.9
0.250063484793	-0.0960086008882		46.0
0.26991433584	-0.130836787628		46.1
0.269859010553	-0.128658921113		46.2
0.268263487772	-0.110632750676		46.3
0.288164531083	-0.139019565535		46.4
0.265215458666	-0.0728288345652		46.5
0.24096968523	-0.0172736280427		46.6
0.260940094543	-0.0328099704496		46.7
0.26163838452	-0.0418900297969		46.8
0.26074710755	-0.0447122314086		46.9
0.280722713187	-0.0588195421326		47.0
0.258941405691	-0.0396448470668		47.1
0.235774759494	-0.0163761201709		47.2
0.236905809289	-0.0196578933667		47.3
0.256897253458	-0.0280142430117		47.4
0.25794073929	-0.0291269799603		47.5
0.236756909184	-0.0167699078804		47.6
0.256752256075	-0.0229327108735		47.7
-0.295939654955	0.118942110271		47.8
-0.292137496432	0.173621096505		47.9
-0.312128797257	0.182047141078		48.0
-0.308471084919	0.267019712104		48.1
-0.277622850595	0.465331194141		48.2
-0.248754185472	0.840153293261		48.3
-0.268413533905	0.892661833296		48.4
-0.288072882338	0.945170373331		48.5
-0.278893531018	1.35826855211		48.6
-0.264389110124	1.80009789386		48.7
-0.190274960063	2.85020276517		48.8
-0.206056145547	3.02572192787		48.9
-0.110974666779	3.91983129859		49.0
-0.122186777781	4.15642643495		49.1
-0.0748824577808	4.6172127973		49.2
-0.0192910660023	4.98037962365		49.3
-0.0248365829771	5.25489115327		49.4
0.0979341445368	5.36300253907		49.5
0.210108788155	4.94557280496		49.6
0.216917138688	5.21422262749		49.7
0.264409012475	4.95295609539		49.8
0.310537230459	4.56530796389		49.9
0.365998605013	3.28006128382		50.0
0.382560264558	3.44023429813		50.1
0.399393746259	1.85990761524		50.2
0.418609553333	1.93912928631		50.3
0.422978655631	1.08646370393		50.4
0.416580827782	0.193179623057		50.5
0.401751222039	-0.441234872338		50.6
0.421550350595	-0.481627103459		50.7
0.372986810031	-0.73758212609		50.8
0.361180254935	-0.541086968409		50.9
0.35319727862	-0.207524396148		51.0
0.316228671181	0.135837183949		51.1
0.336226014953	0.140493583572		51.2
0.331032547892	0.080921525563		51.3
0.324182746749	0.0166357133396		51.4
0.34418146195	0.0133972236769		51.5
0.311753856851	-0.0362887202009		51.6
0.0661938497076	3.62945572584		51.7
0.0534402916081	3.96206103087		51.8
0.125388098988	3.90064794524		51.9
0.125663801524	4.21444431502		52.0
0.20492871124	3.77222853886		52.1
0.214101890925	4.03598768053		52.2
0.273329363303	3.20154956145		52.3
0.288644445576	3.38928211627		52.4
0.318038138973	2.89402170362		52.5
0.34191674978	2.29384046496		52.6
0.360941015	2.38236928589		52.7
0.363585303494	0.840911376921		52.8
0.329346428012	-0.36748126311		52.9
0.348531862259	-0.447420687675		53.0
0.342456215803	-0.349970830125		53.1
0.334879963109	-0.209414788466		53.2
0.300765486195	-0.0170363620737		53.3
0.320498049467	-0.0621661193995		53.4
0.290592600692	-0.0726605070914		53.5
0.287185458276	-0.0828359258472		53.6
0.307021255765	-0.11847205756		53.7
0.303988819813	-0.115489189576		53.8
0.299437418367	-0.0926148361269		53.9
0.319397258879	-0.114202898247		54.0
0.290874389242	-0.0331834786843		54.1
0.262088395302	0.0156750280038		54.2
0.282125608936	0.0114084047474		54.3
0.258627808647	-0.00252594636794		54.4
0.257971618903	-0.0059316158492		54.5
0.277995206022	-0.0115113430202		54.6
0.277364674493	-0.0174421179912		54.7
0.297346563982	-0.0298829724714		54.8
0.27287325526	-0.0369285349264		54.9
0.247182046609	-0.0388528422867		55.0
0.267031858493	-0.0748340977114		55.1
0.224404548296	-0.0607795686478		55.2
0.244087682664	-0.126247557588		55.3
0.244192374836	-0.173791863022		55.4
0.244156778307	-0.236210989174		55.5
0.262871197773	-0.402120958219		55.6
-0.275165130367	0.172976841829		55.7
-0.316646825495	-0.103804095182		55.8
-0.314830244933	-0.110043240771		55.9
-0.334842444685	-0.172330578208		56.0
-0.303885615554	-0.318277469908		56.1
-0.271083188065	-0.559917250937		56.2
-0.290832784344	-0.610492232406		56.3
-0.25838702542	-1.11146524749		56.4
-0.277763061995	-1.18241232843		56.5
-0.265129995088	-1.67942792932		56.6
-0.245321244333	-2.20186208928		56.7
-0.160645703284	-3.2358028394		56.8
-0.175236842089	-3.43087977745		56.9
-0.0760746836649	-4.19810580604		57.0
-0.0299878376313	-4.57111989043		57.1
-0.0367550672647	-4.83976141876		57.2
0.0154373032776	-5.1377575694		57.3
0.130175653278	-5.09076053716		57.4
0.133143137255	-5.3733040448		57.5
0.231553405386	-4.84673749271		57.6
0.240863892823	-5.09990263573		57.7
0.28758190564	-4.76788156749		57.8
0.331824628117	-4.30555539421		57.9
0.346529434181	-4.50015953552		58.0
0.39704755926	-3.03005128917		58.1
0.405337337127	-1.35465910625		58.2
0.4252417512	-1.38766444432		58.3
0.422358881728	-0.613365738239		58.4
0.410361849542	0.199696751914		58.5
0.430211177394	0.234301753396		58.6
0.382382171919	0.516739841759		58.7
0.368646965281	0.422809121449		58.8
0.359157970225	0.167782069833		58.9
0.349841508165	-0.0655506577799		59.0
0.34083177309	-0.20376166309		59.1
0.332638354068	-0.263548424132		59.2
0.352001697159	-0.39267104084		59.3
0.318309639743	-0.35710488261		59.4
0.336388212544	-0.606981912963		59.5
0.302447474371	-0.633116898338		59.6
0.118681611104	2.52883054483		59.7
0.124805692103	2.81594919706		59.8
0.15403707889	2.78913505158		59.9
0.209847293284	1.80414670938		60.0
0.226652505879	1.97047289527		60.1
0.243544241146	2.13177527397		60.2
0.260799690568	1.14951882093		60.3
0.267567349196	0.784708555402		60.4
0.287539218863	0.815503848839		60.5
0.289837441919	0.518286278941		60.6
0.265963992807	-0.0156620236703		60.7
0.285731556927	-0.059882371183		60.8
0.26135468606	-0.079842092413		60.9
0.281036306385	-0.1306328908		61.0
0.279854372348	-0.153512000211		61.1
0.277155880397	-0.158099954594		61.2
0.29678148363	-0.214190348235		61.3
0.272264023261	-0.147457905269		61.4
0.246751808509	-0.0667097049855		61.5
0.26652775196	-0.112335576366		61.6
0.266611273312	-0.134688166024		61.7
0.265173957339	-0.139769675954		61.8
0.284953334588	-0.185585803228		61.9
0.262519055389	-0.125411390785		62.0
0.238797377478	-0.0533553100106		62.1
0.239633816997	-0.0659568067776		62.2
0.259554268492	-0.095016864472		62.3
0.260354853882	-0.0988324823371		62.4
0.238817255388	-0.0552078385666		62.5
0.258784549827	-0.0734314817923		62.6
0.239007790844	-0.0441010265321		62.7
0.258996272151	-0.0542185343552		62.8
0.259885666851	-0.0451089934508		62.9
0.259180671648	-0.0277650322567		63.0
0.237665852496	0.000817593484592		63.1
0.21964222136	0.00895894628825		63.2
0.239643344742	0.0220730408446		63.3
0.25963964894	0.0400536944046		63.4
0.260464661119	0.0550557752101		63.5
0.259692178844	0.0683672492192		63.6
0.238114789348	0.0576984211217		63.7
0.258087909634	0.0933463059752		63.8
0.23844995907	0.0823578100925		63.9
0.258403495546	0.126965016186		64.0
0.259331721494	0.148039126373		64.1
0.258707937971	0.157514632273		64.2
0.237490415772	0.109599930122		64.3
0.257431832757	0.168349921221		64.4
0.23806890146	0.136834056431		64.5
0.257991553719	0.202522427062		64.6
0.259024142223	0.22495242951		64.7
0.258574167394	0.226585371784		64.8
0.278398718218	0.304302865396		64.9
0.257659151421	0.216278652728		65.0
0.235372887967	0.110863309485		65.1
0.255411960711	0.180696389391		65.2
0.256708838454	0.215867262626		65.3
0.256507644645	0.227936501862		65.4
0.236052834147	0.150427651978		65.5
0.256085475169	0.220816320724		65.6
0.237249848156	0.165452484869		65.7
0.238543325556	0.177099132415		65.8
0.258573713499	0.243804075633		65.9
0.259787741255	0.247795490422		66.0
0.259519705477	0.224615723891		66.1
0.279517235707	0.28685030355		66.2
0.258759201654	0.168968935155		66.3
0.236203160731	0.0583094191587		66.4
0.237503972254	0.0776987693006		66.5
0.238692103394	0.0890199091776		66.6
0.258805326432	0.12446860132		66.7
0.259877517936	0.126288629549		66.8
0.259359726634	0.111443940067		66.9
0.27942863997	0.137616608238		67.0
0.258128839496	0.070392607053		67.1
0.235254377815	0.0112426200153		67.2
0.255310333856	0.0170055304457		67.3
0.236103623951	0.00923197526733		67.4
0.256119520661	0.00617695656148		67.5
0.235199533102	-0.010204916947		67.6
0.255170056385	-0.0247869946802		67.7
0.235892860153	-0.0339811074861		67.8
0.255807104871	-0.061954518877		67.9
0.256827436405	-0.08626077454		68.0
0.256235330158	-0.109460784954		68.1
0.275998807205	-0.165101998057		68.2
0.254878896461	-0.160165777166		68.3
0.232437415435	-0.125865577559		68.4
0.252074547835	-0.212530917454		68.5
0.253157584653	-0.273629783783		68.6
0.2527373973	-0.322934600348		68.7
0.232781146373	-0.263559929839		68.8
0.251900325581	-0.423671149546		68.9
0.233962515232	-0.381695987734		69.0
0.252503116022	-0.596122884607		69.1
0.253261409957	-0.715250507488		69.2
0.253378036427	-0.793225410182		69.3
0.143666760596	-2.15058740002		69.4
0.158975228863	-2.33644083755		69.5
0.159892545881	-2.16308512123		69.6
0.177315207888	-2.30623428941		69.7
0.213512814	-1.55119951906		69.8
0.226109831483	-0.602503766927		69.9
0.246023272007	-0.562288168055		70.0
0.2495529436	-0.3045278679		70.1
0.250035977446	-0.0397876489434		70.2
0.269301161926	0.0432546222383		70.3
0.248060006703	0.260461325974		70.4
0.226228011987	0.260225435403		70.5
0.227724747697	0.269706347955		70.6
0.246845211292	0.359909671619		70.7
0.248439854978	0.357773320681		70.8
0.267586292518	0.447082526772		70.9
0.249071703199	0.274939560181		71.0
0.228305652522	0.103166889568		71.1
0.248024946926	0.162154780625		71.2
0.249581574558	0.187576052284		71.3
0.249659848742	0.192232441046		71.4
0.269351839332	0.253266179773		71.5
0.249710605049	0.178367052383		71.6
0.228424841854	0.087026967325		71.7
0.248300196732	0.134442838035		71.8
0.249968278898	0.153769044231		71.9
0.250106653662	0.156608300253		72.0
0.250144935393	0.151605714877		72.1
0.270005244817	0.199997857262		72.2
0.250233560045	0.134800950434		72.3
0.270129609244	0.179793609967		72.4
0.248758451207	0.102832349521		72.5
0.227370311314	0.0466952355598		72.6
0.229190321866	0.066648785477		72.7
0.249162746613	0.103056692685		72.8
0.250835219246	0.118020715696		72.9
0.23095844586	0.0814677043346		73.0
0.250931340691	0.116796114076		73.1
0.23249561005	0.0862114251538		73.2
0.233936415944	0.0915219720948		73.3
0.253912200702	0.125311721043		73.4
0.25524439619	0.127804483847		73.5
0.234676952955	0.0745814356773		73.6
0.254671675965	0.104564874181		73.7
0.235631634624	0.0739796985605		73.8
0.255628983123	0.10256993481		73.9
0.256821109593	0.105793939569		74.0
0.215437271554	0.029976569817		74.1
0.235460879404	0.0526235091968		74.2
0.25547166098	0.0768744216222		74.3
0.236266934356	0.0574330824894		74.4
0.256274492025	0.0810221910344		74.5
0.257407058853	0.0849310415794		74.6
0.256952582952	0.0799632255334		74.7
0.235885587924	0.0457001511683		74.8
0.255897112337	0.0660580325661		74.9
0.257053657717	0.0708667599106		75.0
0.256618603711	0.0681182047861		75.1
0.256092477543	0.0629070057561		75.2
0.255598780031	0.0578114332688		75.3
0.275602570401	0.0766817718815		75.4
0.254725521332	0.0507864840365		75.5
0.232344988356	0.0236165316363		75.6
0.252358375033	0.0382508622894		75.7
0.253786743937	0.0451902552336		75.8
0.253617424117	0.0469840763501		75.9
0.273621304066	0.0623283052696		76.0
0.253067081105	0.0437874671953		76.1
0.230965134475	0.0211372536993		76.2
0.250974753482	0.0329380343641		76.3
0.232439064151	0.0268107055714		76.4
0.252446010485	0.038297638338		76.5
0.23219487064	0.0257688811901		76.6
0.252201142846	0.0363123146592		76.7
0.233468760653	0.0259040493172		76.8
0.253474164485	0.035633412418		76.9
0.254807135723	0.036366118797		77.0
0.254541706942	0.033232572309		77.1
0.233811341169	0.0181057897296		77.2
0.253816522923	0.0256377454567		77.3
0.234817719301	0.0182859353052		77.4
0.254822025144	0.0251707288546		77.5
0.256043258776	0.025628103486		77.6
0.255664991749	0.0232934647823		77.7
0.234738092064	0.0124887672663		77.8
0.254741662698	0.0176256580469		77.9
0.235589659644	0.0124256919909		78.0
0.236746690029	0.0128002868816		78.1
0.256749265587	0.0171388040667		78.2
0.257813179297	0.0168577866478		78.3
0.236653454264	0.00900091842889		78.4
0.256655551081	0.0122245416758		78.5
0.237194212831	0.00802585451604		78.6
0.238220890341	0.00796045720671		78.7
0.258222375678	0.0103935600893		78.8
0.259166516349	0.00985815497735		78.9
0.237777629381	0.00481718673993		79.0
0.257778699355	0.00632964061376		79.1
0.238135509554	0.00383727095793		79.2
0.239085568979	0.00356361654366		79.3
0.259086225659	0.00439004210727		79.4
0.259960013944	0.0037779757552		79.5
0.238436896138	0.00134620494629		79.6
0.25843723207	0.00145202060163		79.7
0.238687561117	0.000409771291568		79.8
0.258687714525	0.000115397319058		79.9
0.259592783117	-0.000508399310345		80.0
0.2588977644	-0.00122292568764		80.1
0.278897691865	-0.00209668834171		80.2
0.257418338816	-0.00252714267628		80.3
0.234512950245	-0.00216679107683		80.4
0.254512718848	-0.00351154372856		80.5
0.255751448249	-0.00429936804563		80.6
0.25539020233	-0.0047782809861		80.7
0.275389799069	-0.00668781384216		80.8
0.254498419473	-0.00542809591911		80.9
0.232107360908	-0.0033858432879		81.0
0.252106981136	-0.00547813417253		81.1
0.253538081396	-0.00661825094903		81.2
0.233086530477	-0.00498049017961		81.3
0.253086081315	-0.0074673172583		81.4
0.234192394863	-0.00593319381141		81.5
0.254191917524	-0.0086432808402		81.6
0.255456340298	-0.00948256175695		81.7
0.234685009614	-0.00628549217386		81.8
0.254684570484	-0.00919936786424		81.9
0.235535445703	-0.00702143905804		82.0
0.236692608517	-0.00772319448375		82.1
0.256692147602	-0.0109026439081		82.2
0.257756786515	-0.0115431000717		82.3
0.236601940291	-0.00720411870013		82.4
0.256601601327	-0.0104369216514		82.5
0.237146112495	-0.0077868561656		82.6
0.257145787298	-0.0111245235318		82.7
0.2581742857	-0.0118931989943		82.8
0.25760311079	-0.0115189752319		82.9
0.277602597893	-0.0152204752718		83.0
0.256342052685	-0.0102958175277		83.1
0.233627774155	-0.00495901532513		83.2
0.253627790902	-0.0081475245098		83.3
0.254937746929	-0.00981917409718		83.4
0.254647907684	-0.010477050819		83.5
0.274647583487	-0.014148133158		83.6
0.209939729105	-0.00151980386643		83.7
0.229940096196	-0.00435434348602		83.8
0.231545271924	-0.00601774167087		83.9
0.251545344296	-0.00926138216844		84.0
0.253022072068	-0.010589057712		84.1
0.232657943853	-0.00730834430459		84.2
0.252657986518	-0.010574123471		84.3
0.233833910654	-0.0078975941848		84.4
0.235127783211	-0.00847818866906		84.5
0.255127805901	-0.0117157628697		84.6
0.256318210887	-0.0120721697831		84.7
0.235404220137	-0.00716442001081		84.8
0.255404380157	-0.0101293528602		84.9
0.236140907934	-0.00725350298739		85.0
0.256141077338	-0.0101214825286		85.1
0.257250406112	-0.0105110831162		85.2
0.256759932736	-0.00982605954715		85.3
0.235640431989	-0.00558146454008		85.4
0.255640702201	-0.00807373951435		85.5
0.236339135182	-0.00594774038695		85.6
0.256339375245	-0.00835174107283		85.7
0.255888764303	-0.00794248103835		85.8
0.234911495271	-0.00467096953188		85.9
0.25491177221	-0.00676682902816		86.0
0.235726638847	-0.00498646990364		86.1
0.255726880265	-0.00696954516839		86.2
0.236411325939	-0.00486221028868		86.3
0.256411551391	-0.00668081326841		86.4
0.235441207791	-0.00377843261358		86.5
0.255441445575	-0.00534644424466		86.6
0.236171345771	-0.00378087442538		86.7
0.256171552688	-0.00518916912253		86.8
0.257278153457	-0.00524373435241		86.9
0.256784772161	-0.0047023934767		87.0
0.276784911137	-0.00593254090317		87.1
0.255660340027	-0.00338243175776		87.2
0.233065031566	-0.00105614631789		87.3
0.253065189824	-0.00172471260133		87.4
0.254420132337	-0.00198559745107		87.5
0.254175052017	-0.00194001769124		87.6
0.233487576178	-0.00106033775344		87.7
0.253487658092	-0.00138147263866		87.8
0.234529723175	-0.000789557630085		87.9
0.235767398911	-0.00063643763553		88.0
0.255767432343	-0.000642249225231		88.1
0.256906060458	-0.000319951540138		88.2
0.256444668182	0.000126839100922		88.3
0.276444653543	0.000471331023837		88.4
0.255339647476	0.00118327809762		88.5
0.232796867805	0.00124127846817		88.6
0.252796801064	0.00196054472924		88.7
0.254172983447	0.00238347225607		88.8
0.253949170154	0.00267456216394		88.9
0.253615259479	0.00293123619216		89.0
0.273615115109	0.00416690379704		89.1
0.253009951648	0.00349198341846		89.2
0.230879962873	0.0023165716969		89.3
0.250879816564	0.00378090478365		89.4
0.232339022451	0.00337622385594		89.5
0.233751820929	0.00399055691587		89.6
0.253751609582	0.00587530127942		89.7
0.255164372126	0.00677771267583		89.8
0.275164041425	0.00907152430781		89.9
0.210425390541	0.00112121913358		90.0
0.230425340912	0.00307528478958		90.1
0.231991279568	0.00429282730686		90.2
0.25199108643	0.00673257417482		90.3
0.253431726401	0.00791702194573		90.4
0.232998367868	0.00576858917019		90.5
0.252998131333	0.00858721129086		90.6
0.234118936498	0.00675958575929		90.7
0.254118674639	0.00981917226816		90.8
0.255389276854	0.0107488807828		90.9
0.255060145415	0.0107169976673		91.0
0.275059670138	0.0143322422144		91.1
0.254225123883	0.0101945272778		91.2
0.231883582314	0.00537408820383		91.3
0.23333317004	0.00697119776517		91.4
0.253333048724	0.0105803421484		91.5
0.214134641287	0.00525349717283		91.6
0.23413473673	0.0088235005571		91.7
0.254134564945	0.0127833864349		91.8
0.235074552557	0.00962555294941		91.9
0.255074392101	0.0137616423152		92.0
0.256269046614	0.0147769261507		92.1
0.255864174877	0.0144178636755		92.2
0.255363869755	0.0137155147742		92.3
0.275363492285	0.0183953205694		92.4
0.254428058758	0.0125892654956		92.5
0.232047076135	0.0064748078966		92.6
0.252047459468	0.0107025789861		92.7
0.253484344838	0.0130090164164		92.8
0.253321555971	0.0140268878505		92.9
0.273321303161	0.0190382206493		93.0
0.252779764472	0.0143369386601		93.1
0.230694641467	0.0078811432607		93.2
0.232240179128	0.00983385255643		93.3
0.252240510877	0.0146035364262		93.4
0.253662412486	0.0162364818511		93.5
0.253484856631	0.0162895457042		93.6
0.273484653332	0.0216379797144		93.7
0.252916967169	0.0151867402359		93.8
0.23080843791	0.0076813601239		93.9
0.250809256554	0.0123090081793		94.0
0.252345804227	0.0145822736303		94.1
0.232096392918	0.0105451823466		94.2
0.25209701951	0.0154182363475		94.3
0.233364622277	0.0117348393723		94.4
0.253365210847	0.0166671709797		94.5
0.254697774412	0.017722647731		94.6
0.254430934226	0.0170417441471		94.7
0.27443108791	0.0223236776281		94.8
0.253705613425	0.0148648598239		94.9
0.231458578264	0.00695133794815		95.0
0.251459798437	0.0112786599941		95.1
0.252944627168	0.0134456702615		95.2
0.252829716818	0.0141951937706		95.3
0.232371038518	0.0094659012018		95.4
0.25237204168	0.0138351751759		95.5
0.233595540697	0.0104698446191		95.6
0.253596467774	0.0147909787047		95.7
0.254910640344	0.0155917769493		95.8
0.213841624004	0.00482613465333		95.9
0.233843054167	0.00837587784348		96.0
0.253844161192	0.0121812583401		96.1
0.234831770439	0.00908959191477		96.2
0.236046955223	0.00971322417261		96.3
0.256047897356	0.0133562082861		96.4
0.257165833828	0.013629707585		96.5
0.23611171533	0.00788254661009		96.6
0.256112714274	0.0110264283907		96.7
0.236736960865	0.00769508821391		96.8
0.256737891301	0.0105821609497		96.9
0.25780030383	0.0107503324594		97.0
0.257262805441	0.00974001011805		97.1
0.27726348844	0.0123937850068		97.2
0.256060542892	0.00729362969228		97.3
0.233396134576	0.00252959775501		97.4
0.253396948509	0.00414594852731		97.5
0.254726032893	0.00483604326416		97.6
0.254455026956	0.00483915012119		97.7
0.23372136264	0.0028086357228		97.8
0.235024214175	0.00285484522152		97.9
0.23622275769	0.00270110912483		98.0
0.237325333078	0.00238905432565		98.1
0.257325600438	0.00276544571288		98.2
0.258339803502	0.00208350866688		98.3
0.27833991412	0.00201118542511		98.4
0.257086739079	-0.000155383433389		98.5
0.23425251953	-0.00153849540233		98.6
0.254252336268	-0.00258426532738		98.7
0.255511876172	-0.00338835510792		98.8
0.121375899795	2.96515912678		98.9
0.134244638767	3.18847827722		99.0
0.152520082963	3.11431145563		99.1
0.208373700869	2.49123800939		99.2
0.226399657638	2.62550246875		99.3
0.255038707539	2.22351517999		99.4
0.273628676162	1.13113441516		99.5
0.293975230652	1.15506560417		99.6
0.280261187496	0.247352085697		99.7
0.300637414503	0.219050433908		99.8
0.298914140682	0.0923781504417		99.9
0.295373575289	-0.0211484717224		100.0
0.315873322655	-0.041473336459		100.1
0.288845044344	-0.087181467565		100.2
0.261112239527	-0.0460693426429		100.3
0.281716667502	-0.0435961014136		100.4
0.258908014246	0.000302093368455		100.5
0.279493239977	0.0187790879658		100.6
0.255144916626	0.0540578920191		100.7
0.275656001134	0.0857364513072		100.8
0.25374538777	0.0708766724861		100.9
0.253931570654	0.0841298875343		101.0
0.274326526915	0.126254842571		101.1
0.274430943311	0.140308742242		101.2
0.251071765644	0.0899497263044		101.3
0.271372000173	0.135646217027		101.4
0.250032111086	0.101940353334		101.5
0.250359817649	0.112213100103		101.6
0.27056443789	0.159303089409		101.7
0.270822688864	0.165991714572		101.8
0.269499369333	0.154253894724		101.9
0.289609868198	0.201681058681		102.0
0.266856722792	0.124163847976		102.1
0.242686949181	0.0474239250985		102.2
0.262836197726	0.0820963019744		102.3
0.263566211874	0.100406777645		102.4
0.262691807047	0.105691142043		102.5
0.282760589924	0.140519747674		102.6
0.260819392744	0.0984419552881		102.7
0.237532430894	0.0439340238102		102.8
0.238626520135	0.0534632171107		102.9
0.258690489487	0.0771801073857		103.0
0.259761483406	0.084935451465		103.1
0.238409991669	0.0504606225732		103.2
0.258454466673	0.0689546988726		103.3
0.238792293418	0.0452404605254		103.4
0.239740562039	0.0447605508648		103.5
0.259770756412	0.0583196471468		103.6
0.260633584838	0.0549771029293		103.7
0.259894195442	0.0450621709062		103.8
0.279912351002	0.054763559737		103.9
0.258314636967	0.0254936512282		104.0
0.235280701637	0.002845641438		104.1
0.255294426055	0.00597773272448		104.2
0.256482780486	0.00751150487932		104.3
0.256067732922	0.00723095046092		104.4
0.235070404003	0.00317877128993		104.5
0.255074821151	0.00323592854124		104.6
0.234186394666	-0.00107739231563		104.7
0.254187961892	-0.00264859892035		104.8
0.255453537586	-0.00450665203799		104.9
0.25511812439	-0.00644605584967		105.0
0.275116807395	-0.00995917300589		105.1
0.254269876721	-0.0100420577858		105.2
0.231917956014	-0.00767693708644		105.3
0.251915397034	-0.0123147971839		105.4
0.253359640599	-0.014815728862		105.5
0.253204450277	-0.0160425686659		105.6
0.273200792465	-0.0219688864936		105.7
0.208967144022	-0.00309412643896		105.8
0.228965310507	-0.00798954914497		105.9
0.230646498844	-0.0107544308733		106.0
0.250644093021	-0.0163869959232		106.1
0.252191042622	-0.0185665934757		106.2
0.231965881441	-0.0126348410205		106.3
0.251963990737	-0.018087940525		106.4
0.233251286623	-0.0132170452429		106.5
0.253249829536	-0.0182924709252		106.6
0.253093515089	-0.0169940113553		106.7
0.252834512738	-0.0152179198252		106.8
0.272833497624	-0.0195702768258		106.9
0.25236207026	-0.0117978407835		107.0
0.230348081696	-0.00423418856809		107.1
0.23192047253	-0.00510029394019		107.2
0.233367094814	-0.00531818081202		107.3
0.253367134822	-0.00678685200767		107.4
0.254698029732	-0.00594047932141		107.5
0.254428921088	-0.00395223041604		107.6
0.274428912515	-0.00369868026228		107.7
0.253698758684	0.000933054035283		107.8
0.231448217572	0.00381462969268		107.9
0.251447704018	0.00654240432655		108.0
0.252931272033	0.00876743056991		108.1
0.252814846274	0.0108627135335		108.2
0.23235537923	0.00941802336168		108.3
0.252353900806	0.0153258733441		108.4
0.233577890145	0.0139415886587		108.5
0.253575607872	0.0217076264666		108.6
0.253386566116	0.0253489671407		108.7
0.273381982908	0.0356178143796		108.8
0.252830735863	0.0298752675485		108.9
0.230741975452	0.0195049964229		109.0
0.250738978825	0.0316866996294		109.1
0.252279146986	0.0387412851749		109.2
0.252222518077	0.0428503835022		109.3
0.272213055036	0.0595675348465		109.4
0.251873701789	0.0480040014471		109.5
0.229972109789	0.0298196092561		109.6
0.231580252164	0.0381355108074		109.7
0.251574522178	0.0579445471158		109.8
0.253053959634	0.0665413939821		109.9
0.232726346224	0.0474425199263		110.0
0.252719922888	0.0706046639136		110.1
0.233929650184	0.0557985367439		110.2
0.235235680836	0.0626209605046		110.3
0.255225838771	0.0896197856248		110.4
0.256430274938	0.096782576961		110.5
0.235594660697	0.0629289439358		110.6
0.255591080866	0.0923603327742		110.7
0.236381421912	0.0708573180079		110.8
0.256377351987	0.10258908072		110.9
0.25750490251	0.111725636142		111.0
0.257059570528	0.110763662295		111.1
0.27703440869	0.148125969162		111.2
0.256045628956	0.104491625		111.3
0.233555977281	0.0542311168545		111.4
0.234926389603	0.0708760681221		111.5
0.254940515497	0.107937728714		111.6
0.25620070424	0.122858652952		111.7
0.235487618762	0.0847395343017		111.8
0.255501559502	0.124641291138		111.9
0.236397433469	0.095238722488		112.0
0.256410636694	0.136874307775		112.1
0.257588507737	0.147333464198		112.2
0.257211741269	0.143689919161		112.3
0.277193737583	0.190263563395		112.4
0.256327900756	0.129834908288		112.5
0.23391346139	0.0632498606219		112.6
0.235305868973	0.0825207807458		112.7
0.25535517316	0.125000264273		112.8
0.256634046386	0.140951171237		112.9
0.235938868165	0.0952043683502		113.0
0.237194463831	0.106488723407		113.1
0.238359977175	0.114633143006		113.2
0.239442010269	0.120311336303		113.3
0.25947954126	0.165385148768		113.4
0.260484396008	0.169113665649		113.5
0.239254067694	0.0983326028299		113.6
0.259322827066	0.140441807598		113.7
0.239708067656	0.101132524257		113.8
0.240690585029	0.108016989735		113.9
0.26075672623	0.149861457902		114.0
0.261664853406	0.154357158203		114.1
0.281694653773	0.199075441022		114.2
0.260292432074	0.129139312453		114.3
0.23724300773	0.0537202268931		114.4
0.257355448777	0.0887376713129		114.5
0.258504012049	0.106593132621		114.6
0.258065195574	0.112636748091		114.7
0.236975985002	0.0740398099253		114.8
0.257069745622	0.108956514881		114.9
0.237758716851	0.0819571599161		115.0
0.238884085624	0.0883879687963		115.1
0.25896656441	0.122699532505		115.2
0.260002003843	0.12638683816		115.3
0.238744686313	0.0739334824493		115.4
0.258836158411	0.104981927256		115.5
0.239232120424	0.0747293031153		115.6
0.259320803383	0.104619993132		115.7
0.26031504965	0.108623276255		115.8
0.259723218742	0.101301354779		115.9
0.279792242596	0.131577497608		116.0
0.213725622302	-0.00165926680433		116.1
0.102375315029	2.46520052021		116.2
0.13526687216	2.40928437847		116.3
0.150513068982	2.59420216631		116.4
0.183462883211	2.39865251857		116.5
0.219882256308	1.62318997596		116.6
0.239343281469	1.68907252403		116.7
0.248457926486	0.647006920066		116.8
0.268391579168	0.623753696672		116.9
0.270604705309	0.351291232885		117.0
0.269748359024	0.0695996341399		117.1
0.289314991908	0.0104442220669		117.2
0.265256051989	-0.219176938553		117.3
0.240637330607	-0.218655280213		117.4
0.260111714549	-0.283727249874		117.5
0.260806706241	-0.267402826312		117.6
0.260110744585	-0.221050434212		117.7
0.238742051475	-0.0977123765923		117.8
0.258571509504	-0.134944670824		117.9
0.238827972153	-0.0899424252392		118.0
0.258712694669	-0.120574576046		118.1
0.259575881548	-0.117859251813		118.2
0.238187433563	-0.0612521223167		118.3
0.258131835542	-0.0825413345131		118.4
0.23844912905	-0.053048709665		118.5
0.258412897163	-0.0702388985664		118.6
0.238683957288	-0.0438285594034		118.7
0.258661043176	-0.057501409209		118.8
0.278638129064	-0.0711742590145		118.9
0.257302832108	-0.0358207706266		119.0
0.234435110232	-0.00792184779615		119.1
0.254429157062	-0.014892506049		119.2
0.255669527226	-0.0189697775842		119.3
0.255312019277	-0.0202824216199		119.4
0.275307127289	-0.0266014176411		119.5
0.254430681617	-0.0180999889582		119.6
0.23205314875	-0.00770562148251		119.7
0.252051265592	-0.0116263352501		119.8
0.253485893876	-0.0127566725821		119.9
0.253321283167	-0.0122498286019		120.0
0.232777276984	-0.00693332166703		120.1
0.252776414119	-0.00958730724357		120.2
0.233932334065	-0.00651999610747		120.3
-0.288769705673	0.045776342911		120.4
-0.30876921777	0.0477720468546		120.5
-0.305648003588	0.0697561944552		120.6
-0.300917263801	0.093597060185		120.7
-0.320914593951	0.0982653837537		120.8
-0.291877521065	0.163556570985		120.9
-0.262434429146	0.273728984468		121.0
-0.282402545292	0.289855636177		121.1
-0.257139958393	0.522564528712		121.2
-0.277012783349	0.554733813878		121.3
-0.248168282726	0.990372736379		121.4
-0.267683777522	1.05288063442		121.5
-0.287199272318	1.11538853246		121.6
-0.246390302447	1.7812501851		121.7
-0.178764186286	2.69327741136		121.8
-0.146778797752	3.23400856209		121.9
-0.160611855968	3.44036000611		122.0
-0.120766476401	3.96541860671		122.1
-0.0130842086062	4.49972717437		122.2
0.0346837425812	4.75432622091		122.3
0.0840104495401	4.91013044073		122.4
0.0844428756473	5.19577793566		122.5
0.13721612447	5.23928210125		122.6
0.192816964063	5.1529850994		122.7
0.199407120853	5.42274305344		122.8
0.293375153341	4.58744113508		122.9
0.356326038634	3.3535778233		123.0
0.372756769769	3.5164794929		123.1
0.396531572711	2.82803895129		123.2
0.412314713861	2.05609809147		123.3
0.393856777959	0.342867465122		123.4
0.413852102604	0.336689949304		123.5
0.369891846615	-0.0446174287867		123.6
0.389811656767	-0.0701771367778		123.7
0.380166236067	-0.0715061512421		123.8
0.368946872612	-0.058809638118		123.9
0.358504039426	-0.0444807115776		124.0
0.378453723414	-0.0647347551555		124.1
0.340249388784	-0.0323754927198		124.2
0.302734763067	-0.00517038026658		124.3
0.298490744202	-0.0175046855746		124.4
0.294589553943	-0.0245295128565		124.5
0.16367906178	2.82266894369		124.6
0.169961121276	2.71484511634		124.7
0.183823786658	2.92202221181		124.8
0.197521525827	3.13152522183		124.9
0.246063174884	2.33870657403		125.0
0.269754608999	1.31285982522		125.1
0.27806090948	0.864791221017		125.2
0.298033449949	0.895614764019		125.3
0.300255962788	0.561569215126		125.4
0.298902142069	0.193578342315		125.5
0.318998020751	0.184612606805		125.6
0.291226532121	-0.154213610213		125.7
0.262422723558	-0.195119180029		125.8
0.28249388662	-0.215691684824		125.9
0.281857752709	-0.154044833116		126.0
0.279564184384	-0.0754930193696		126.1
0.299702829988	-0.0731238143042		126.2
0.274959122115	0.0280711380475		126.3
0.249086197884	0.062860418372		126.4
0.269184544568	0.084357912221		126.5
0.269382276686	0.0854029163755		126.6
0.26797829412	0.080267190458		126.7
0.288047493619	0.108712596943		126.8
0.265229040498	0.0754703384352		126.9
0.241117850059	0.0397904381835		127.0
0.261190508903	0.0691917430623		127.1
0.261975322178	0.0872998234203		127.2
0.261163092431	0.0969017044406		127.3
0.281181113705	0.133843580216		127.4
0.259494689321	0.10337046355		127.5
0.236410366947	0.0578437084004		127.6
0.237567787802	0.0733062923299		127.7
0.25758985107	0.110026460079		127.8
0.258645608518	0.122876252912		127.9
0.23752505051	0.0816020425748		128.0
0.257537364036	0.118992362301		128.1
0.238087236606	0.0887647539275		128.2
0.258093186292	0.12632162576		128.3
0.259115469521	0.133850716095		128.4
0.258571997679	0.127784588817		128.5
0.278547869206	0.167412989917		128.6
0.257369253634	0.109496560199		128.7
0.234673624758	0.048960409089		128.8
0.254705397023	0.0806174195573		128.9
0.235646414056	0.0695267124788		129.0
0.255661563973	0.101967193216		129.1
0.234957542735	0.0728844569356		129.2
0.254970098408	0.104217478688		129.3
0.235898824619	0.0756730232142		129.4
0.255909615148	0.10568109381		129.5
0.257094905936	0.109627909575		129.6
0.256701840228	0.102089896066		129.7
0.276696733814	0.131826636366		129.8
0.25575187459	0.0824722085611		129.9
0.233267275815	0.0337293938727		130.0
0.253295457823	0.0553921838937		130.1
0.254667132415	0.0659799413165		130.2
0.254443800519	0.0688508308646		130.3
0.274451247729	0.0912986748134		130.4
0.253803141152	0.0638938756036		130.5
0.231612424232	0.0303079721638		130.6
0.233112106677	0.0369729890948		130.7
0.253127889674	0.0535780311814		130.8
0.254504251373	0.0573805161919		130.9
0.233942545748	0.0354975577518		131.0
0.253955289789	0.0495787418933		131.1
0.234960152079	0.0345048094681		131.2
0.254970981878	0.0469484609305		131.3
0.256193686684	0.0470646862615		131.4
0.255818432161	0.0419050310344		131.5
0.255343733789	0.0355728852541		131.6
0.275350428391	0.045186189443		131.7
0.254446325393	0.0231791207499		131.8
0.274453212613	0.030480955668		131.9
0.252086181754	0.0118148398877		132.0
0.229972129527	0.00227240730579		132.1
0.24997828892	0.00616703006944		132.2
0.251585557172	0.00907419240581		132.3
0.25159165692	0.0103052850472		132.4
0.231341935076	0.006661723594		132.5
0.251344632624	0.00884514960878		132.6
0.232732625797	0.00536390551827		132.7
0.234115890901	0.00464475216394		132.8
0.254117116277	0.00519098523317		132.9
0.255388816698	0.00364261346275		133.0
0.234628921074	0.000121854410158		133.1
0.254629031944	-0.000979770720956		133.2
0.235488216407	-0.00225324534655		133.3
0.25548774489	-0.0042572469784		133.4
0.256648030784	-0.00591508819319		133.5
0.256208246407	-0.00726333233692		133.6
0.276207036376	-0.0105387039918		133.7
0.255178093374	-0.00932784126433		133.8
0.23266712929	-0.00629531756294		133.9
0.234052884979	-0.00798289974404		134.0
0.254051485145	-0.0120679081607		134.1
0.255326370402	-0.0137004054706		134.2
0.234576816069	-0.009471904728		134.3
0.254575475648	-0.0139168873883		134.4
0.23544400471	-0.0106179583863		134.5
0.236608231836	-0.0115749271573		134.6
0.256607008405	-0.0161568436927		134.7
0.257678338429	-0.0167819146672		134.8
0.257150419509	-0.0156666383859		134.9
0.277149196544	-0.0202467181262		135.0
0.255965655383	-0.0126428117846		135.1
0.233318202616	-0.00503872216459		135.2
0.25331810016	-0.00811738170701		135.3
0.234387757912	-0.00665309435873		135.4
0.25438764138	-0.00930819221409		135.5
0.255636905384	-0.00940962392284		135.6
0.25528637669	-0.00815943077034		135.7
0.275286307188	-0.00976434553418		135.8
0.254413305792	-0.00435420160901		135.9
0.232037563736	0.000303095504686		136.0
0.252037515909	0.000931695733221		136.1
0.253474377132	0.00207777634927		136.2
0.253311137176	0.00371512748356		136.3
0.232768073264	0.00450879996892		136.4
0.252767471199	0.00806537369517		136.5
0.233924523941	0.00834630718568		136.6
0.253923349903	0.0137764596538		136.7
0.255208500631	0.0174644938125		136.8
0.25489411675	0.0203709695353		136.9
0.274890708152	0.0294654664121		137.0
0.254060130175	0.0270784031892		137.1
0.231750256966	0.019154562597		137.2
0.251747033908	0.031190501153		137.3
0.253206107289	0.0384526523136		137.4
0.253068165106	0.0431350458362		137.5
0.252815688121	0.0467948096853		137.6
0.272803903513	0.065893130169		137.7
0.252358134538	0.0541503184147		137.8
0.23037712066	0.035102314321		137.9
0.250372120232	0.0572163593794		138.0
0.231939824485	0.0511121947913		138.1
0.2519289134	0.0775259041266		138.2
0.253383530768	0.0891953843228		138.3
0.253255901135	0.0938122044834		138.4
0.273222182846	0.128411009903		138.5
0.252803123529	0.0987010951034		138.6
0.230840908603	0.0583890772335		138.7
0.250840958199	0.0949244341186		138.8
0.25239771423	0.115353059786		138.9
0.252382701745	0.126084116522		139.0
0.272332934693	0.173650698778		139.1
0.252162451316	0.13646733604		139.2
0.23044079745	0.0813019429431		139.3
0.232083645208	0.103229184856		139.4
0.252077617169	0.155803080023		139.5
0.253591633939	0.177146421855		139.6
0.233478109048	0.123739625542		139.7
0.253474707402	0.182719676462		139.8
0.23486315468	0.141876257778		139.9
0.254857167222	0.205198718767		140.0
0.256232147314	0.223250770587		140.1
0.256115719415	0.220815796171		140.2
0.27603137134	0.29425242112		140.3
0.255758401676	0.205827275115		140.4
0.233840521795	0.104496741882		140.5
0.253955829387	0.170934197591		140.6
0.235334490058	0.148373331864		140.7
0.255405458912	0.219950983986		140.8
0.236716973628	0.169129772242		140.9
0.256783083337	0.242730038019		141.0
0.276746301675	0.322394292074		141.1
0.25665394583	0.232145456324		141.2
0.234805901585	0.11502159614		141.3
0.236344248739	0.14391756998		141.4
0.256498859609	0.213728082727		141.5
0.257913772644	0.235732479274		141.6
0.237521534544	0.152995251513		141.7
0.257688579463	0.22075633963		141.8
0.238739121866	0.161298847055		141.9
0.258908047763	0.227355315109		142.0
0.260194204693	0.237729798264		142.1
0.259979765438	0.223073387274		142.2
0.239133620333	0.125851763402		142.3
0.259361687045	0.183377712563		142.4
0.240047545793	0.134789897674		142.5
0.260263151726	0.190400790585		142.6
0.261421124024	0.198973317253		142.7
0.26103662968	0.186157563337		142.8
0.28119243154	0.241834564444		142.9
-0.0608980548688	-3.77381590776		143.0
-0.0477022262053	-4.19600900313		143.1
0.00233181465539	-4.54785440793		143.2
0.00295824648029	-4.84638150591		143.3
0.0603467788195	-5.06757085288		143.4
0.172948362469	-4.81101548735		143.5
0.184224245209	-5.05155089381		143.6
0.272876966581	-4.2584648813		143.7
0.28915706573	-4.42716264148		143.8
0.330545300656	-3.90116644977		143.9
0.365586485239	-3.24631163644		144.0
0.384873514702	-3.32306965673		144.1
0.403862375298	-1.62831483257		144.2
0.376722823569	0.131174258204		144.3
0.395257091074	0.238316459331		144.4
0.383885392555	0.275301842879		144.5
0.402421533265	0.382164349805		144.6
0.359852979484	0.216050520272		144.7
0.318406175485	0.0235136971447		144.8
0.312149831629	0.0923471619518		144.9
0.331359422842	0.171211313174		145.0
0.32574769337	0.207001217549		145.1
0.318802643032	0.204885838652		145.2
0.338175507247	0.275339037946		145.3
0.306720497467	0.157086617816		145.4
0.275093086493	0.034632955432		145.5
0.294857194368	0.0783119430346		145.6
0.292659116763	0.106202732874		145.7
0.288951454361	0.113924585084		145.8
0.308798557638	0.150425169434		145.9
0.282043405713	0.0965760522062		146.0
0.254828637137	0.0299475251534		146.1
0.254421419298	0.0392500371571		146.2
0.274399060752	0.0579599700658		146.3
0.274005957531	0.064663987049		146.4
0.272062453459	0.05983193465		146.5
0.292042861604	0.0764687009757		146.6
0.268387989263	0.0445137409194		146.7
0.243557447701	0.0160874803664		146.8
0.24404500455	0.0255446501661		146.9
0.244479662114	0.0345699095324		147.0
0.264409485573	0.0560915445022		147.1
0.264766943057	0.0699630994456		147.2
0.263512174795	0.0815634116528		147.3
0.283332548643	0.121021706914		147.4
0.260964414423	0.11215189514		147.5
0.237330490212	0.087586506537		147.6
0.257006513213	0.154719729154		147.7
0.25765594115	0.209057495719		147.8
-0.301183987883	-0.0345870097736		147.9
-0.321335391845	0.0220515449424		148.0
-0.291615929415	0.0637671302247		148.1
-0.311649764044	0.104651484325		148.2
-0.30825785601	0.167756177591		148.3
-0.303139201595	0.244915429863		148.4
-0.298061464729	0.346865988916		148.5
-0.317976038182	0.378342336552		148.6
-0.28758332771	0.659006232302		148.7
-0.252379240844	1.09277178029		148.8
-0.271790559087	1.1615299523		148.9
-0.260047829859	1.64320589905		149.0
-0.241323853005	2.15222660744		149.1
-0.1585286665	3.17491929707		149.2
-0.17300136267	3.37187003427		149.3
-0.0754091602783	4.13452905186		149.4
-0.0299472110013	4.50769060942		149.5
-0.0366461988705	4.77672663696		149.6
0.0148298187541	5.07522746141		149.7
0.128149028975	5.0341472806		149.8
0.130853898327	5.3171404178		149.9
0.236760048006	4.7646466948		150.0
0.245601332035	5.02091869859		150.1
0.290469208794	4.68518692122		150.2
0.332887408332	4.22511764999		150.3
0.377428414936	2.84032513514		150.4
0.393135483844	2.11605171092		150.5
0.40020796241	1.32347344053		150.6
0.420026190005	1.3641690118		150.7
0.417240577979	0.62291739673		150.8
0.405856995402	-0.165507031459		150.9
0.358803493098	-0.466726567897		151.0
0.378513084601	-0.516868610684		151.1
0.341389098619	-0.0674648195613		151.2
0.361348847738	-0.0876026971292		151.3
0.354042053355	-0.0716167986223		151.4
0.345146752884	-0.0418761583527		151.5
0.309212506292	0.00375703143011		151.6
0.329198598346	0.00430479468535		151.7
0.295228113894	0.0280819706956		151.8
0.315198207912	0.0427107121784		151.9
0.311542803622	0.0537155315617		152.0
0.281372490565	0.0470568163292		152.1
0.301271556851	0.091384116018		152.2
0.274595386288	0.0964456701339		152.3
0.294342778849	0.174278059462		152.4
0.292075006433	0.238029437901		152.5
0.288170413292	0.300942509173		152.6
0.306979497197	0.473809085365		152.7
0.040698736511	-3.56273836953		152.8
0.0513792118634	-3.77160246252		152.9
0.0630266361786	-4.01617035885		153.0
0.116682235168	-4.04607671394		153.1
0.171470193785	-3.91766618286		153.2
0.245275045012	-3.12302489798		153.3
0.265248529564	-3.19975089302		153.4
0.302476548371	-1.98576317709		153.5
0.323044575542	-1.96036780133		153.6
0.336566680902	-1.192952357		153.7
0.33867460997	-0.361105236834		153.8
0.357245089098	-0.234979830458		153.9
0.31389020141	1.02883831589		154.0
0.281752635421	0.910827507877		154.1
0.298212389722	1.08450748651		154.2
0.298807191532	0.875347129346		154.3
0.298299862535	0.572703764782		154.4
0.295810402134	0.33379972108		154.5
0.31469551275	0.441252759487		154.6
0.288209690785	0.158525435851		154.7
0.259867081671	0.0064988226811		154.8
0.27951642372	0.075714990457		154.9
0.256049683239	0.115401204683		155.0
0.255310232806	0.141549297145		155.1
0.274946919578	0.206949363089		155.2
0.274375507799	0.217146545476		155.3
0.250670411896	0.120744418779		155.4
0.270470676935	0.170583576721		155.5
0.248902884221	0.113034992341		155.6
0.268769830359	0.15425087096		155.7
0.226061861999	0.0473865944479		155.8
0.246014541091	0.0758194777293		155.9
0.265961198214	0.103714372027		156.0
0.245068427835	0.0658393250131		156.1
0.265038455913	0.0872858570022		156.2
0.265444893475	0.0829888596093		156.3
0.264269104626	0.0679814532451		156.4
0.284254113362	0.0825231927818		156.5
0.261931726059	0.0371076795741		156.6
0.238252973557	0.00216792147732		156.7
0.25825410845	0.0059342594041		156.8
0.259194584633	0.007794484098		156.9
0.258534887605	0.00706522770802		157.0
0.237117089852	0.00192588452499		157.1
0.257116827951	0.000432820059739		157.2
0.237577420891	-0.00312976406894		157.3
0.238570159269	-0.0060624911385		157.4
0.258568372601	-0.0112079730797		157.5
0.259480793104	-0.0153454242347		157.6
0.238036727057	-0.0134329192122		157.7
0.219950712836	-0.0125479108575		157.8
0.23994760215	-0.0209219210117		157.9
0.259942949311	-0.0304984567938		158.0
0.239956684132	-0.0230075897797		158.1
0.259952000014	-0.0334490671885		158.2
0.238368598598	-0.0223302659824		158.3
0.258364696344	-0.0331499143881		158.4
0.238633550961	-0.0254386602729		158.5
0.239544793028	-0.0280039529881		158.6
0.259540785958	-0.039489710955		158.7
0.260380027979	-0.0414437663198		158.8
0.280373752763	-0.0538372495516		158.9
0.258800370048	-0.0358908184341		159.0
0.23568205568	-0.0156115038089		159.1
0.255682766478	-0.0251790804564		159.2
0.256830673175	-0.029546714043		159.3
0.256380516992	-0.0304167513325		159.4
0.2763789292	-0.0401420184947		159.5
0.255335122691	-0.0273879281662		159.6
0.232808687881	-0.0121876624694		159.7
0.252810555264	-0.018744723579		159.8
0.254188709028	-0.0208251989665		159.9
0.253967526343	-0.0200196091265		160.0
0.233320803054	-0.0109818664918		160.1
0.253322129355	-0.0145964900833		160.2
0.234393887436	-0.00880468688449		160.3
0.235643789337	-0.00754842186109		160.4
0.255644319448	-0.00821911144936		160.5
0.256793321831	-0.00519805429015		160.6
0.23579813935	0.00109442215412		160.7
0.255797079427	0.00421899288419		160.8
0.236467912793	0.00687600022335		160.9
0.256465245306	0.0127214271595		161.0
0.257544676214	0.017708389428		161.1
0.257024120242	0.0221912861328		161.2
0.256417164265	0.0264948716891		161.3
0.276408447972	0.0389494312067		161.4
0.25533551806	0.0353392752599		161.5
0.232803362839	0.0254275583815		161.6
0.234176457318	0.0334344011622		161.7
0.235440868121	0.0408655770043		161.8
0.255425545072	0.0616650242095		161.9
0.256587708345	0.0707544180498		162.0
0.256161043608	0.0745545441316		162.1
0.276129315955	0.102818425954		162.2
0.255169775673	0.0799078382032		162.3
0.232733011825	0.0482006047465		162.4
0.252720624086	0.0792751887745		162.5
0.254105011008	0.0973115421109		162.6
0.253909754134	0.107372383568		162.7
0.233378115722	0.0777320259687		162.8
0.253354917821	0.118344515199		162.9
0.234537340291	0.0962688706559		163.0
0.23582772489	0.10952023009		163.1
0.255788273159	0.158052236208		163.2
0.256983436745	0.172152438382		163.3
0.256645099856	0.171328008858		163.4
0.276554513345	0.229998762694		163.5
0.255831992169	0.164096604699		163.6
0.233597818444	0.0873628459229		163.7
0.253627116762	0.143960435642		163.8
0.234882735786	0.126982485549		163.9
0.236237440524	0.14727290403		164.0
0.256215422659	0.213431253737		164.1
0.257477657952	0.232115066806		164.2
0.277355413333	0.307422108235		164.3
0.213116775205	0.0230153334419		164.4
0.233325575558	0.0812963972261		164.5
0.234868028561	0.118934662437		164.6
0.254953679255	0.188047646763		164.7
0.256356320007	0.220042733032		164.8
0.276308327016	0.298473598459		164.9
0.256114653108	0.228452988789		165.0
0.234271714385	0.122578460081		165.1
0.254410648603	0.192316254711		165.2
0.255920781616	0.222974326903		165.3
0.255929314514	0.230178325887		165.4
0.235704473323	0.148584382054		165.5
0.255844625145	0.218064046399		165.6
0.237148517158	0.164106033394		165.7
0.257283736901	0.232839523063		165.8
0.258672193169	0.245573503662		165.9
0.258573563913	0.232688663474		166.0
0.25794197441	0.303306948991		166.1
0.258182341607	0.194613085907		166.2
0.23760411462	0.081690058001		166.3
0.15985786724	2.259446832		166.4
0.167425263002	2.22469333379		166.5
0.20060005645	1.79070317898		166.6
0.221350569249	0.768306767176		166.7
0.241381777869	0.640187707184		166.8
0.226961305686	0.0506575571051		166.9
0.245444289849	-0.0885136034149		167.0
0.245751838297	-0.233703135618		167.1
0.244928656739	-0.320713955695		167.2
0.225764692659	-0.241336425932		167.3
0.227469964428	-0.243692381683		167.4
0.229251917518	-0.228394169359		167.5
0.231013475106	-0.201106252262		167.6
0.250886541098	-0.232954260002		167.7
0.252666354545	-0.182292098738		167.8
0.272706673588	-0.188133376784		167.9
0.252814120788	-0.0266314006511		168.0
0.230776072643	0.0775896363948		168.1
0.250759408585	0.123387937101		168.2
0.252312571572	0.15341935268		168.3
0.252296754913	0.177466808853		168.4
0.272119872178	0.255704398958		168.5
0.252086329907	0.224203427297		168.6
0.230662324496	0.155695813126		168.7
0.25052127357	0.253423289201		168.8
0.250511559395	0.285786481777		168.9
0.270083748589	0.406893862969		169.0
0.250935885903	0.342800149188		169.1
0.230527092593	0.220567046609		169.2
0.25035284811	0.349275689643		169.3
0.252099583457	0.412347902525		169.4
0.252636000036	0.435657622986		169.5
0.271965230195	0.586891739541		169.6
0.254003213295	0.431057371325		169.7
0.234225787217	0.223248397102		169.8
0.254333428772	0.351122222395		169.9
0.256079780013	0.404851156701		170.0
0.256588009416	0.411544852591		170.1
0.237549905507	0.254000253351		170.2
0.257693990607	0.365026822346		170.3
0.23957530056	0.260515886283		170.4
0.241138600494	0.269711134743		170.5
0.261281455481	0.362744766009		170.6
0.222111025875	0.115219291304		170.7
0.24250001349	0.18118208346		170.8
0.26276345427	0.247341692965		170.9
0.243201073306	0.159151332994		171.0
0.263440891717	0.212186619244		171.1
0.264405876244	0.204321721468		171.2
0.263791718302	0.170978840622		171.3
0.283946279393	0.21016758389		171.4
0.262252452605	0.101224006556		171.5
0.238856764428	0.0139736150008		171.6
0.239906584638	0.0237004910132		171.7
0.260031099536	0.03586527728		171.8
0.260942687075	0.037096376839		171.9
0.239356325061	0.0182258753646		172.0
0.259414567612	0.0209108306709		172.1
0.239557290035	0.00716848842676		172.2
0.24041712882	0.00116910169732		172.3
0.260426535972	-0.00528778712127		172.4
0.261188748687	-0.0149906968436		172.5
0.239445268322	-0.0200887368339		172.6
0.259416579033	-0.0346624014605		172.7
0.239482066634	-0.0329197483667		172.8
0.259434059773	-0.0519821873627		172.9
0.260229594388	-0.0618519223681		173.0
0.259432146392	-0.0667799318555		173.1
0.27935610996	-0.0924611392272		173.2
0.257778319808	-0.0718242304709		173.3
0.234807102022	-0.041647479953		173.4
0.254743615106	-0.0671897527491		173.5
0.255908647663	-0.0798532947022		173.6
0.255494471397	-0.084098540286		173.7
0.234600080553	-0.0554066738676		173.8
0.254543660605	-0.080633542968		173.9
0.235426855194	-0.05934846149		174.0
0.255380681207	-0.0818503140973		174.1
0.256536075186	-0.0822947669995		174.2
0.256114680993	-0.0718565584155		174.3
0.276086437738	-0.0872766554786		174.4
0.255096334176	-0.0377348203755		174.5
0.232612717535	0.00167221483975		174.6
0.16507578113	1.98675182329		174.7
0.161394652516	2.17887356147		174.8
0.186704908262	1.98639999504		174.9
0.202813452061	2.16077859628		175.0
0.231500444919	1.35509682243		175.1
0.235365093039	0.479783288633		175.2
0.238235905781	0.361697352798		175.3
0.258567004739	0.403870977021		175.4
0.260790323482	0.322991983584		175.5
0.240861154016	0.115983788253		175.6
0.261447016573	0.160726623737		175.7
0.242120790702	0.117552124794		175.8
0.262695626508	0.176206972053		175.9
0.263988742675	0.200860214369		176.0
0.26368954043	0.209683533231		176.1
0.284063146172	0.288522083433		176.2
0.262912538168	0.215184689104		176.3
0.240178097258	0.115522184964		176.4
0.260604873198	0.188235119808		176.5
0.261869929539	0.222357261272		176.6
0.26157209977	0.229458760119		176.7
0.240564495865	0.141956054518		176.8
0.260828926748	0.204284717809		176.9
0.241369243928	0.143211095223		177.0
0.261572764375	0.194781797637		177.1
0.262606066897	0.19085321221		177.2
0.262056215718	0.160993877799		177.3
0.282162773495	0.19504050657		177.4
0.260637668018	0.0883899565947		177.5
0.237402241098	0.00171918124374		177.6
0.257468572633	0.00368054278358		177.7
0.258507201386	-0.000596012754742		177.8
0.25790872552	-0.0116227582125		177.9
0.27787806661	-0.0276783063421		178.0
0.25650834722	-0.0457391505167		178.1
0.233699043533	-0.049263728812		178.2
0.234921217088	-0.0661759166039		178.3
0.254790429097	-0.104861240045		178.4
0.235585694691	-0.0905616574808		178.5
0.255426848791	-0.137119588269		178.6
0.236179642548	-0.110104293472		178.7
0.256013104723	-0.161430372182		178.8
0.25705899096	-0.177069270363		178.9
0.236210266541	-0.115115137163		179.0
0.256084209935	-0.165546917299		179.1
0.236870216727	-0.119776564679		179.2
0.256777749859	-0.165245081537		179.3
0.257872173003	-0.166239875222		179.4
0.257442187378	-0.145401248622		179.5
0.25692859599	-0.116254203433		179.6
0.276905783024	-0.138291890605		179.7
0.255895665058	-0.0428298521312		179.8
0.233281278609	0.0237882623078		179.9
0.25325297763	0.0424036438504		180.0
0.234296470146	0.0518430104836		180.1
0.23548480277	0.0811229267767		180.2
0.255314696749	0.145566157656		180.3
0.256331699426	0.213287612118		180.4
0.275807059063	0.323989312668		180.5
0.254973856211	0.328581763541		180.6
0.114578149153	2.54582295876		180.7
0.128864762652	2.74576819347		180.8
0.164592322305	2.61001979018		180.9
0.198876883425	2.36018809049		181.0
0.216789313572	2.48727864653		181.1
0.251529340301	1.54399878711		181.2
0.2558868748	0.44178390252		181.3
0.25611740586	0.233587685163		181.4
0.275682816976	0.174349859644		181.5
0.230669611557	-0.09703206805		181.6
0.249960545281	-0.172435575839		181.7
0.269251479006	-0.247839083629		181.8
0.247725608469	-0.169397533671		181.9
0.267221273824	-0.233155738225		182.0
0.267212655988	-0.232285841123		182.1
0.244693544339	-0.121687377571		182.2
0.26443308024	-0.167648147041		182.3
0.243767285053	-0.109233371631		182.4
0.24418809953	-0.108919243686		182.5
0.264040154457	-0.143607108901		182.6
0.264477416289	-0.137151522908		182.7
0.242303184304	-0.0672633189275		182.8
0.262234764291	-0.0908763524525		182.9
0.241898048774	-0.0578349384903		183.0
0.261853274565	-0.0769423878622		183.1
0.262491152074	-0.0743638309174		183.2
0.261547231639	-0.0630757238002		183.3
0.239646777734	-0.0290680431091		183.4
0.259631015463	-0.0404091584688		183.5
0.239692081478	-0.0270984171731		183.6
0.259681352479	-0.0364557763217		183.7
0.258910987313	-0.030867177996		183.8
0.278902741966	-0.039070535859		183.9
0.257423183565	-0.0214380070825		184.0
0.234519394634	-0.00629723006724		184.1
0.254516856227	-0.0108491943598		184.2
0.255753394432	-0.0131003928801		184.3
0.255390880845	-0.0135142022685		184.4
0.234499707653	-0.00827811804071		184.5
0.254498372154	-0.0115798865832		184.6
0.235378768321	-0.00796354085066		184.7
0.236548072239	-0.00800688635278		184.8
0.256547302362	-0.0105137949224		184.9
0.257623333911	-0.0100739059555		185.0
0.277622698131	-0.0123520543707		185.1
0.256489943076	-0.00677704233675		185.2
0.233761255166	-0.0017168551791		185.3
0.253761095013	-0.0028602590373		185.4
0.255060078802	-0.00337808978081		185.5
0.25475912362	-0.00343147389941		185.6
0.274758998005	-0.0044441039977		185.7
0.253973533894	-0.00288773940475		185.8
0.231674972669	-0.00115024149714		185.9
0.251674927297	-0.00175883305287		186.0
-0.285996822031	0.0135683914956		186.1
-0.326130944706	0.0133246765964		186.2
-0.297156936459	0.0257723276288		186.3
-0.317156731389	0.0270661721809		186.4
-0.287996661687	0.0510337997058		186.5
-0.284933022624	0.074611320558		186.6
-0.304930797883	0.0788727915004		186.7
-0.302082102805	0.115335380546		186.8
-0.297606166091	0.155265608453		186.9
-0.317597007625	0.163911177847		187.0
-0.289174094898	0.28835824057		187.1
-0.259354632746	0.478145014909		187.2
-0.256508138623	0.683319776573		187.3
-0.276282466004	0.726119682678		187.4
-0.271218053527	1.03588629988		187.5
-0.229427274627	1.72153617999		187.6
-0.247887989052	1.83145453831		187.7
-0.174275714336	2.89681625334		187.8
-0.139593835411	3.43712816777		187.9
-0.152549320075	3.65479455598		188.0
-0.107291713732	4.16349362883		188.1
0.00347901229473	4.63826953993		188.2
-0.00114711599981	4.91623552559		188.3
0.106692016599	4.96648891758		188.4
0.10830504208	5.25127245471		188.5
0.160756613909	5.24133010726		188.6
0.215308715131	5.10063279089		188.7
0.223003000213	5.36435728267		188.8
0.311904537834	4.42947065489		188.9
0.367917071284	3.1190339086		189.0
0.384992814361	3.26778311431		189.1
0.405459872576	2.5417121824		189.2
0.41733817159	1.73922408241		189.3
0.436795790587	1.80531162947		189.4
0.410578144676	-0.016531505998		189.5
0.357525935873	-0.91465492394		189.6
0.376970782167	-0.981505278645		189.7
0.372978903987	-0.564039747842		189.8
0.365018650223	-0.0947045893737		189.9
0.325685823276	0.222269077204		190.0
0.345682088834	0.227790163984		190.1
0.31236697367	0.0237890001447		190.2
0.332360378937	0.0164524016121		190.3
0.324629514368	-0.096539264245		190.4
0.318004062535	-0.117853883811		190.5
0.337978962502	-0.132163658578		190.6
0.306688452306	-0.0490521091633		190.7
0.275130546073	0.0186158455102		190.8
0.273120550605	0.00833988214394		190.9
0.293119011569	0.00479543960564		191.0
0.291267800223	-0.00221920205384		191.1
0.264514985154	-0.00713504186158		191.2
0.284513163362	-0.0109913473599		191.3
0.260590521881	-0.00786771765054		191.4
0.134865944655	-2.34417012728		191.5
0.143798548858	-2.61822631503		191.6
0.172297974145	-2.52800437668		191.7
0.201581724924	-2.33488176776		191.8
0.217058393219	-2.52136971903		191.9
0.250856101225	-1.63423986917		192.0
0.257630688755	-0.56658268793		192.1
0.277617444135	-0.554333972535		192.2
0.257202865475	-0.103912748311		192.3
0.276730770181	-0.0410077829972		192.4
0.253371813883	0.0860175892239		192.5
0.272593884883	0.168909272916		192.6
0.247966353921	0.214603437583		192.7
0.267043903446	0.306811217837		192.8
0.245941468325	0.214776219824		192.9
0.245890180484	0.226751713528		193.0
0.265177432514	0.311567816064		193.1
0.26530123458	0.312950264867		193.2
0.243407903917	0.169267302503		193.3
0.263023254664	0.234861220928		193.4
0.242746494563	0.15494611945		193.5
0.262504541981	0.207337023848		193.6
0.263092815869	0.199172830926		193.7
0.262209150304	0.163936711429		193.8
0.240408317658	0.0656480068458		193.9
0.260380444007	0.0825332825367		194.0
0.240372001641	0.040627171999		194.1
0.24115532851	0.0265190418085		194.2
0.261163994698	0.0176284565876		194.3
0.261880029723	-0.00957768811248		194.4
0.240031073358	-0.0400375922887		194.5
0.260003955896	-0.0772502696777		194.6
0.240020297853	-0.0834928908937		194.7
0.240812143951	-0.110050756712		194.8
0.260695566734	-0.17438292664		194.9
0.26139387307	-0.20940255534		195.0
0.260581955966	-0.229501718611		195.1
0.280268104852	-0.32163522982		195.2
0.258965683355	-0.264835501121		195.3
0.236535225936	-0.161709111453		195.4
0.219019184049	-0.155341812104		195.5
0.238926023031	-0.256254947393		195.6
0.240101063356	-0.279687244685		195.7
0.259797044006	-0.393185484599		195.8
0.260966743677	-0.411135826345		195.9
0.240961187954	-0.245438030315		196.0
0.260872190761	-0.351223965548		196.1
0.24191968674	-0.249683998105		196.2
0.261890696925	-0.348803461898		196.3
0.263045748151	-0.357854607182		196.4
0.262868336599	-0.325438408449		196.5
0.24209165939	-0.169161602143		196.6
0.262266808875	-0.240750141933		196.7
0.242668756318	-0.16549290453		196.8
0.262833920565	-0.224807785812		196.9
0.263798427827	-0.220381488763		197.0
0.263217165548	-0.186884918381		197.1
0.241597059083	-0.0813862973653		197.2
0.261748657841	-0.107535507504		197.3
0.241713496836	-0.0614626630181		197.4
-0.0261283782852	3.22526577973		197.5
-0.0186140241128	3.5008478935		197.6
0.0331530376664	3.74533691224		197.7
0.0895850700877	3.83795643461		197.8
0.104514379903	4.04736672102		197.9
0.200885147601	3.53000524552		198.0
0.26452220918	2.56810188679		198.1
0.285511077902	2.58446677144		198.2
0.30492051307	1.25780500861		198.3
0.308409300248	0.619931534237		198.4
0.32726207974	0.490655184217		198.5
0.322200797539	0.073709654989		198.6
0.340109021182	-0.0756009475953		198.7
0.250597576537	-0.431965150078		198.8
0.267871661433	-0.590147073239		198.9
0.266311379183	-0.522562152881		199.0
0.284177030938	-0.660580902264		199.1
0.283299155834	-0.584307519907		199.2
0.260295318861	-0.219495322636		199.3
0.279622664158	-0.29788468397		199.4
0.256787139074	-0.174980334069		199.5
0.276443087271	-0.229255288278		199.6
0.275900697115	-0.209755714557		199.7
0.273914597368	-0.159899498566		199.8
0.293808280627	-0.188739143754		199.9
0.270104616683	-0.0642944204702		200.0
0.24503393578	0.019764224755		200.1
0.265050574485	0.0200585031664		200.2
0.26547404397	0.0158182622836		200.3
0.2643006913	0.0134325719803		200.4
0.241952749018	0.00947902549663		200.5
0.261985190466	0.0168122585591		200.6
0.241704640657	0.0158305461172		200.7
0.261733904473	0.0240163230449		200.8
0.262426190042	0.0263374642482		200.9
0.261514302992	0.0247526822051		201.0
0.260543278495	0.0207509403419		201.1
0.280557527703	0.0244163915142		201.2
0.25873001251	0.00717765981945		201.3
0.235590110631	-0.00614752063759		201.4
0.25558534326	-0.0118669016867		201.5
0.236280150299	-0.0146745229649		201.6
0.256257912565	-0.0270902004043		201.7
0.236830731205	-0.0293368073515		201.8
0.256785843035	-0.0498895755241		201.9
0.235711308238	-0.0492325602539		202.0
0.255637120149	-0.0791952238968		202.1
0.236307452822	-0.0710860759295		202.2
0.237343016432	-0.0873744594537		202.3
0.257209326532	-0.133783033424		202.4
0.258134303365	-0.156717826537		202.5
0.257506036117	-0.169666880913		202.6
0.256821447764	-0.180788881418		202.7
0.235856595092	-0.133014160507		202.8
0.255631729828	-0.210117219125		202.9
0.256654759879	-0.251066893523		203.0
0.256210561875	-0.273530535954		203.1
0.235729560667	-0.197357002101		203.2
0.255395499795	-0.304909497725		203.3
0.236709782293	-0.252545137688		203.4
0.256272850943	-0.377123305018		203.5
0.257408910131	-0.424911292751		203.6
0.23785109928	-0.291981682628		203.7
0.257408640587	-0.435020444128		203.8
0.239297861534	-0.337336292297		203.9
0.258819503875	-0.490095013846		204.0
0.221265143217	-0.208458392146		204.1
0.241349979861	-0.350185234233		204.2
0.242813286813	-0.381773421455		204.3
0.244293115989	-0.40117795788		204.4
0.263961249229	-0.550454245638		204.5
0.265481325141	-0.553992289958		204.6
0.266044024423	-0.494005585168		204.7
0.285658770577	-0.629846446518		204.8
0.266568218263	-0.353834300465		204.9
0.244318408684	-0.100331155236		205.0
0.245347101515	-0.143936801669		205.1
0.265689933849	-0.218014532133		205.2
0.266534869176	-0.251073308145		205.3
0.244842641727	-0.145098744266		205.4
0.265065726795	-0.191307057306		205.5
0.243145888451	-0.0705979954426		205.6
0.263318496985	-0.0914764738567		205.7
0.264020762314	-0.0777682448178		205.8
0.263051459185	-0.0450239906586		205.9
0.240889269566	0.0113053802601		206.0
0.260793977374	0.0390133548045		206.1
0.240493556684	0.0636067121714		206.2
0.26019439738	0.121347240895		206.3
0.260564019525	0.175273459652		206.4
0.259275683945	0.229539540313		206.5
0.278325251252	0.352991858053		206.6
0.256482438417	0.355842368464		206.7
0.234018201046	0.293413952446		206.8
0.0355692606708	3.33037971628		206.9
0.0431702340094	3.59465585676		207.0
0.089592519395	3.70431891226		207.1
0.170143665432	3.34494661613		207.2
0.185314702263	3.53112167171		207.3
0.243494865922	2.74352857154		207.4
0.261950567286	2.85361859699		207.5
0.290168071073	2.34410722983		207.6
0.311500313416	1.73684686487		207.7
0.331434106676	1.76007548146		207.8
0.327740771487	0.299252694619		207.9
0.291924937321	-0.611244371024		208.0
0.310188557269	-0.72768844219		208.1
0.308137956322	-0.576308308454		208.2
0.304694354544	-0.361085503658		208.3
0.276452016622	-0.052165138003		208.4
0.296083967402	-0.106725549346		208.5
0.270056708073	-0.0982364955688		208.6
0.268231388273	-0.11069694589		208.7
0.287955041572	-0.158028819249		208.8
0.286361773904	-0.160086606012		208.9
0.260490112181	-0.0808059297213		209.0
0.280337666239	-0.1160155003		209.1
0.257074738465	-0.0763730536011		209.2
0.276966955161	-0.105995559167		209.3
0.2763576372	-0.105469610003		209.4
0.274190977144	-0.0914082489227		209.5
0.294117699435	-0.115843664536		209.6
0.270138184762	-0.0610133986382		209.7
0.245011799237	-0.0143661352154		209.8
0.264988518241	-0.0281479467946		209.9
0.265368236048	-0.0364836322372		210.0
0.264156015776	-0.0392335452957		210.1
0.241794797686	-0.0245471903166		210.2
