0.0407884426074	-3.52357375835		0.1
0.044051518016	-3.80545965902		0.2
0.0473145934246	-4.08734555969		0.3
0.0940612950494	-4.21086811478		0.4
0.140782624425	-4.21932019405		0.5
0.185994272926	-4.10792411731		0.6
0.22822955835	-3.8755959671		0.7
0.266085457569	-3.52500332278		0.8
0.298266505845	-3.06250984667		0.9
0.323625306059	-2.49800950576		1.0
0.341198506187	-1.84465627407		1.1
0.350237247376	-1.11849800923		1.2
0.348803219621	-0.563901494967		1.3
0.34230797493	-0.254876101023		1.4
0.334874941654	-0.0832271176513		1.5
0.327688133629	0.0126459248087		1.6
0.321044560408	0.0660866657322		1.7
0.314982530704	0.0952386554038		1.8
0.309468827267	0.110177559043		1.9
0.304454301196	0.116634805868		2.0
0.299889942191	0.117951550674		2.1
0.295731007821	0.116123317937		2.2
0.291937617693	0.112370762924		2.3
0.288474389642	0.107458320891		2.4
0.285309891383	0.101875806194		2.5
0.282416121202	0.0959439522827		2.6
0.279768061925	0.0898769171769		2.7
0.277343305552	0.0838199993586		2.8
0.275121736279	0.0778728335677		2.9
0.273085260205	0.0721039469684		3.0
0.271217572612	0.0665600963325		3.1
0.269503956068	0.0612724048704		3.2
0.267931104338	0.0562605057839		3.3
0.266486968253	0.051535423171		3.4
0.265160620497	0.0471016376224		3.5
0.263942136799	0.0429586134602		3.6
0.262822491409	0.0391019610522		3.7
0.261793465041	0.0355243441794		3.8
0.260847563673	0.0322162032335		3.9
0.25997794684	0.0291663406329		4.0
0.259178364172	0.0263623995791		4.1
0.258443099134	0.0237912576517		4.2
0.257766919028	0.0214393506211		4.3
0.25714503045	0.0192929379331		4.4
0.256573039507	0.0173383187522		4.5
0.256046916195	0.0155620057362		4.6
0.105956122818	3.33558018272		4.7
0.147916075244	3.26384707327		4.8
0.187131037012	3.0704470965		4.9
0.222097049206	2.75875386309		5.0
0.251447929259	2.33618651455		5.1
0.273998396072	1.81394733284		5.2
0.288781034613	1.20664736303		5.3
0.293525149022	0.684948802693		5.4
0.291982159456	0.343900604248		5.5
0.288383493576	0.126597147586		5.6
0.284410491461	-0.0103153538993		5.7
0.280663938716	-0.0954295613815		5.8
0.277319590559	-0.146937973913		5.9
0.274394206289	-0.176420587237		6.0
0.271850362811	-0.191347099651		6.1
0.269636928396	-0.19661937696		6.2
0.267703995512	-0.195510058347		6.3
0.266007707072	-0.190238022138		6.4
0.264511162957	-0.182326785526		6.5
0.263183902878	-0.172831986184		6.6
0.262000967275	-0.162488700176		6.7
0.260941925638	-0.151808796057		6.8
0.25999000988	-0.141146556027		6.9
0.259131388179	-0.130743750749		7.0
0.258354575127	-0.120761150721		7.1
0.257649960555	-0.111300910312		7.2
0.257009436663	-0.102422693456		7.3
0.256426104438	-0.0941554303275		7.4
0.255894043047	-0.0865059720329		7.5
0.255408128766	-0.0794655085243		7.6
0.254963892633	-0.0730143511366		7.7
0.254557408253	-0.0671255049608		7.8
0.254185203022	-0.0617673365774		7.9
0.253844187499	-0.0569055599572		8.0
0.253531598866	-0.0525047052018		8.1
0.253244955314	-0.0485291932833		8.2
0.252982018918	-0.0449441098316		8.3
0.252740765144	-0.041715748883		8.4
0.252519357536	-0.0388119810077		8.5
0.252316126504	-0.03620248781		8.6
0.252129551338	-0.0338588953366		8.7
0.251958244827	-0.0317548316706		8.8
0.251800939958	-0.0298659283709		8.9
0.251656478333	-0.0281697810504		9.0
0.251523799977	-0.0266458809668		9.1
0.251401934328	-0.0252755268196		9.2
0.251289992207	-0.024041723835		9.3
0.251187158633	-0.0229290755541		9.4
0.251092686359	-0.0219236724276		9.5
0.251005890039	-0.0210129802837		9.6
0.250926140946	-0.0201857309214		9.7
0.250852862178	-0.0194318164373		9.8
0.250785524296	-0.0187421883987		9.9
0.250723641351	-0.0181087625823		10.0
0.250666767261	-0.0175243297002		10.1
0.250614492497	-0.0169824723031		10.2
0.250566441059	-0.0164774878835		10.3
0.250522267705	-0.016004318067		10.4
0.25048165542	-0.0155584836948		10.5
0.250444313091	-0.015136025531		10.6
0.250409973382	-0.0147334502911		10.7
0.250378390788	-0.0143476816591		10.8
0.250349339848	-0.0139760159515		10.9
0.250322613502	-0.0136160820835		11.0
0.250298021598	-0.0132658054977		11.1
0.250275389504	-0.012923375726		11.2
0.250254556852	-0.012587217272		11.3
0.250235376374	-0.0122559635144		11.4
0.250217712838	-0.0119284333532		11.5
0.250201442068	-0.011603610339		11.6
0.250186450052	-0.0112806240425		11.7
0.250172632115	-0.0109587334449		11.8
0.250159892162	-0.0106373121437		11.9
0.250148141983	-0.0103158351885		12.0
0.250137300617	-0.00999386737751		12.1
0.250127293763	-0.00967105286163		12.2
0.250118053244	-0.00934710591659		12.3
0.230100562025	-0.00594927105448		12.4
0.250100962904	-0.00857875647255		12.5
0.250093711367	-0.00828251682784		12.6
0.250087003734	-0.0079763549157		12.7
0.230074189739	-0.00504059260723		12.8
0.250074564989	-0.00722947211603		12.9
0.250069268334	-0.00693477592721		13.0
0.230059082972	-0.00434868000279		13.1
0.250059423173	-0.00620167053898		13.2
0.250055218595	-0.00590804018804		13.3
0.25005131347	-0.00560077105657		13.4
0.250047683618	-0.00528300920417		13.5
0.250044307063	-0.0049571825833		13.6
0.250041163818	-0.00462517444622		13.7
0.250038235701	-0.00428845530053		13.8
0.250035506158	-0.00394818327516		13.9
0.250032960118	-0.00360528041658		14.0
0.250030583855	-0.00326049065061		14.1
0.25002836487	-0.00291442378214		14.2
0.250026291777	-0.00256758886718		14.3
0.250024354207	-0.00222041949783		14.4
0.250022542717	-0.00187329293787		14.5
0.250020848706	-0.0015265445836		14.6
0.250019264345	-0.00118047887503		14.7
0.230016246656	-0.000447478488112		14.8
0.250016279177	-0.000368247262183		14.9
0.250014991967	-6.00215785096e-05		15.0
0.250013789327	0.000255157226953		15.1
0.250012666193	0.000574925974806		15.2
0.250011617992	0.000897436257506		15.3
0.25001064059	0.00122123128594		15.4
0.230008890485	0.00114387479852		15.5
0.250008806336	0.00198395576734		15.6
0.230007350123	0.00162154474594		15.7
0.250007238369	0.00267225410432		15.8
0.250006578388	0.00294244878251		15.9
0.250005969891	0.00322137261821		16.0
0.25000541074	0.00350569319565		16.1
0.250004898972	0.00379282662423		16.2
0.250004432774	0.00408075849382		16.3
0.23000376146	0.00302706509567		16.4
0.250003587217	0.00475557569255		16.5
0.23000310856	0.00344666122011		16.6
0.250002924749	0.00535684157575		16.7
0.250002674164	0.00558968908374		16.8
0.250002458573	0.00582794412124		16.9
0.250002276984	0.00606854770726		17.0
0.250002128387	0.00630912408732		17.1
0.270001843097	0.00880109241672		17.2
0.226802159196	0.00323975001062		17.3
0.246802056069	0.00558420579593		17.4
0.247057954653	0.00622858112877		17.5
0.247293415972	0.00675858784992		17.6
0.247510076337	0.00719960074681		17.7
0.247709440188	0.00757111268696		17.8
0.247892891126	0.00788803929166		17.9
0.248061701835	0.0081617442411		18.0
0.248217043092	0.00840084242151		18.1
0.228503054322	0.00586951790819		18.2
0.248502962234	0.00887431849102		18.3
0.248623110773	0.0090217465251		18.4
0.248743282313	0.009209639611		18.5
0.248844273345	0.00931964876613		18.6
0.248937215994	0.00942257804871		18.7
0.249022753686	0.00951774578274		18.8
0.229180194046	0.00648842383829		18.9
0.249180226107	0.00971318149612		19.0
0.249246412646	0.00977298599273		19.1
0.249307331201	0.00982501715448		19.2
0.249363402209	0.00986829734378		19.3
0.249419495	0.0099173609231		19.4
0.249466642317	0.0099364934614		19.5
0.249510039652	0.00994583526014		19.6
0.249549985475	0.00994458449467		19.7
0.229623333245	0.00666991056598		19.8
0.249623540651	0.00990317626837		19.9
0.249654456296	0.00986764387656		20.0
0.249682911544	0.00981899413108		20.1
0.249709101034	0.00975689243279		20.2
0.249733203727	0.00968102256671		20.3
0.24975731747	0.00956398639221		20.4
0.24977757029	0.0094671647053		20.5
0.249796204223	0.00935381351572		20.6
0.249813346042	0.00922412182008		20.7
0.249829112336	0.00907817501488		20.8
0.24984361033	0.0089159798481		20.9
0.249858108371	0.00867957469845		21.0
0.269858298263	0.0115989381563		21.1
0.289858320054	0.0146819823825		21.2
0.245094907553	0.00473675559063		21.3
0.265095296187	0.0071127991482		21.4
0.285095551134	0.00961594201814		21.5
0.305095674204	0.0122328757363		21.6
0.261474391386	0.00640204062491		21.7
0.28147463838	0.00859105280661		21.8
0.301474780274	0.0108505030609		21.9
0.321474823517	0.013164772811		22.0
0.251115197344	0.000858514052958		22.1
0.271115536144	0.00220781899501		22.2
0.291115805064	0.00356149548782		22.3
0.220330431717	-0.00268070730647		22.4
0.2403307246	-0.00193853884899		22.5
0.260330963377	-0.00124799209904		22.6
0.201825274631	0.00180810369024		22.7
0.221825390877	0.00253826600773		22.8
0.241825475129	0.00315507508767		22.9
0.261825532908	0.00363664510141		23.0
0.281825568653	0.00396042341275		23.1
0.301825585318	0.00410318307005		23.2
0.260587600073	-7.28287465666e-05		23.3
0.280587547737	-0.000657966728711		23.4
0.300587453348	-0.00149792524342		23.5
0.254747148657	-0.00430117335572		23.6
0.274746895912	-0.00584255538407		23.7
0.294746549778	-0.00771890096068		23.8
0.248340194313	-0.00560254404199		23.9
0.268339781391	-0.00790141769696		24.0
0.288339215202	-0.01062194555		24.1
0.308338452076	-0.0137945130313		24.2
0.258113055477	-0.00707247351122		24.3
0.278112424304	-0.0104987806887		24.4
0.298111508479	-0.0144728617029		24.5
0.222681389531	0.000352801631821		24.6
0.242681281436	-0.00331630419044		24.7
0.262680851837	-0.00763593252654		24.8
0.282679992728	-0.0126419100799		24.9
0.215789279175	-0.00487915775136		25.0
0.235788753969	-0.0102809557687		25.1
0.219662825569	-0.0115926642841		25.2
0.204517877193	-0.0111327556712		25.3
0.224516853575	-0.0179530932535		25.4
0.244514844493	-0.0256917702609		25.5
0.264511615903	-0.0343902904334		25.6
0.284506906026	-0.0440909694782		25.7
0.245838666262	-0.0256111261045		25.8
0.265835943665	-0.0352173442209		25.9
0.285831387181	-0.0459577413949		26.0
0.242157529659	-0.0182273973914		26.1
0.262156716105	-0.0283766540821		26.2
0.282153781399	-0.0397994982984		26.3
0.217989413582	-0.00878134651541		26.4
0.23799140811	-0.0194047063788		26.5
0.257990993474	-0.0314482358422		26.6
0.277987614531	-0.0449621592311		26.7
0.213524089697	-0.0129246237549		26.8
0.233526831118	-0.0256587852672		26.9
0.217771195287	-0.0276707588442		27.0
0.20294036679	-0.0258748631539		27.1
0.222941408216	-0.0409630219715		27.2
0.242937818778	-0.0578381889973		27.3
0.262928701424	-0.0765549540339		27.4
0.224689336699	-0.036784070457		27.5
0.244690805083	-0.0543418220992		27.6
0.264686072419	-0.0739090597135		27.7
0.284674002106	-0.0955419494811		27.8
0.304653373366	-0.119296818719		27.9
0.24488653716	-0.0526297751486		28.0
0.264886499181	-0.0739186755082		28.1
0.215033305457	0.00986334744373		28.2
0.217857715224	-0.0102099192112		28.3
0.220450755513	-0.0266920068057		28.4
0.240463543732	-0.0485659471845		28.5
0.26046642414	-0.0729644924362		28.6
0.222823969623	-0.049794432959		28.7
0.242830158353	-0.0751746995516		28.8
0.262823614295	-0.103246722193		28.9
0.282802309361	-0.134063766203		29.0
0.246265944701	-0.0924388919762		29.1
0.266255692721	-0.123191996761		29.2
0.286228019938	-0.156847797617		29.3
0.306180543521	-0.193454586228		29.4
0.237132257719	-0.0221995473989		29.5
0.25717127414	-0.0492017477784		29.6
0.277194599978	-0.0793052543283		29.7
0.190521354538	0.0240118256381		29.8
0.210590717727	-0.00107424674418		29.9
0.230645201311	-0.0293916924688		30.0
0.250682009729	-0.0609765511836		30.1
0.237005181774	-0.0951087166573		30.2
0.256998487651	-0.133263563843		30.3
0.276965291293	-0.174776256184		30.4
0.234979449793	-0.114520930601		30.5
0.254975447458	-0.154359540576		30.6
0.274942621128	-0.197630504743		30.7
0.29487777457	-0.24434832781		30.8
0.227420223529	-0.0111036954148		30.9
0.247511875328	-0.0427270169103		31.0
0.267580615629	-0.0778539602742		31.1
0.287623209182	-0.116487533519		31.2
0.225423123024	-0.0724490004664		31.3
0.227493317712	-0.0874496983655		31.4
0.247538104398	-0.127423878615		31.5
0.210017545056	-0.0596995198555		31.6
0.230097645166	-0.0968567968524		31.7
0.250148649955	-0.137494223788		31.8
0.270167465854	-0.181591647704		31.9
0.29015106402	-0.229125472159		32.0
0.250640066665	-0.12128118068		32.1
0.270685358837	-0.163733087873		32.2
0.204537637658	0.0217144276257		32.3
0.224699286221	-0.00800106509669		32.4
0.244837184238	-0.0410454529927		32.5
0.264948588374	-0.0773818422389		32.6
0.285030859274	-0.116970929866		32.7
0.20096449762	-0.0426065781051		32.8
0.221083966002	-0.0782421005624		32.9
0.241174960081	-0.117016663448		33.0
0.261235189457	-0.158884500086		33.1
0.246080549938	-0.146830682007		33.2
0.266122894472	-0.190267201781		33.3
0.286131566092	-0.236659644521		33.4
0.306104708567	-0.285958006001		33.5
0.326040587387	-0.338111562654		33.6
0.236751906672	0.0120028204208		33.7
0.256918779713	-0.0162162714607		33.8
0.190890431285	0.0793913657946		33.9
0.211083045989	0.056052718317		34.0
0.231257081547	0.0300551806635		34.1
0.0934889219413	3.21257969074		34.2
0.0606718932569	3.56551248192		34.3
0.0614695278479	3.91092723882		34.4
0.0625981510629	4.24249972244		34.5
0.0641440607414	4.56266219024		34.6
0.234033567953	3.51460847615		34.7
0.248502305615	3.73953762046		34.8
0.263081666221	3.95588715561		34.9
0.326318109254	0.609076305119		35.0
0.346849267411	0.601651045504		35.1
0.367207698533	0.588184684303		35.2
0.387424815811	0.568937128781		35.3
0.320457142043	-0.339952778678		35.4
0.339774365242	-0.419774165244		35.5
0.358936313922	-0.504683430955		35.6
0.377950397145	-0.594679749691		35.7
0.318565364902	-0.0721446096282		35.8
0.33802751279	-0.137900666024		35.9
0.357391696129	-0.209133593605		36.0
0.376654646337	-0.285945799789		36.1
0.286845564945	0.0959609349262		36.2
0.306389178482	0.0337821024394		36.3
0.325851887418	-0.0344859237138		36.4
0.241655401905	-0.021321106763		36.5
0.261034496232	-0.0969233577405		36.6
0.280312964559	-0.179051395375		36.7
0.299479517994	-0.267823069353		36.8
0.234412111778	-0.190162034512		36.9
0.235222013803	-0.21529828088		37.0
0.25445398385	-0.306045176397		37.1
0.273556009511	-0.403811775957		37.2
0.235063635152	-0.210198815552		37.3
0.254452680653	-0.299151973171		37.4
0.215642798126	-0.125834239952		37.5
0.235282421053	-0.206325825368		37.6
0.254808582423	-0.293691598075		37.7
0.274209897283	-0.387713310989		37.8
0.293476374743	-0.488122330647		37.9
0.255426977107	-0.285621209487		38.0
0.274963950611	-0.375965610934		38.1
0.294377569881	-0.471776188844		38.2
0.313663902914	-0.572622824442		38.3
0.247202772897	-0.0312114201732		38.4
0.267220334381	-0.0954091395677		38.5
0.287155519992	-0.163451874715		38.6
0.188767587604	0.332183308813		38.7
0.209108047965	0.302972954716		38.8
0.229397879768	0.271290802711		38.9
0.249636997734	0.23763694289		39.0
0.215120694896	-0.0712869881796		39.1
0.234992483889	-0.130653984036		39.2
0.254818551719	-0.190528656431		39.3
0.198453366135	-0.0661898487591		39.4
0.218419192347	-0.109290740505		39.5
0.238358591434	-0.151728220693		39.6
0.258277671024	-0.193151570494		39.7
0.223036035682	-0.0929856530416		39.8
0.24302599243	-0.119704096483		39.9
0.263006987549	-0.144521294306		40.0
0.282982986346	-0.167191884655		40.1
0.219474173533	0.0378255497478		40.2
0.239488424497	0.037918894909		40.3
0.259494193155	0.0407238993391		40.4
0.202878259219	-0.00580172954843		40.5
0.222876355727	-0.00169847582204		40.6
0.24287062731	0.00541486461973		40.7
0.262860677826	0.015569618071		40.8
0.282845744912	0.0287603505366		40.9
0.22192088731	0.029023257092		41.0
0.224153788143	0.0374481255034		41.1
0.24412836136	0.0571185354327		41.2
0.264094722669	0.0793972163433		41.3
0.248234432424	0.0765490104819		41.4
0.268195024843	0.101205715644		41.5
0.288146308638	0.127670360378		41.6
0.308088397812	0.155575545505		41.7
0.241547092338	0.0349643625017		41.8
0.261538757643	0.0533823984141		41.9
0.281525711408	0.0718218972556		42.0
0.193224086388	-0.0385774873755		42.1
0.213235625414	-0.0324569812809		42.2
0.233242966545	-0.0282471196015		42.3
0.253246545915	-0.0267137759875		42.4
0.217276625752	0.00106926029495		42.5
0.237275601818	-0.00280817914907		42.6
0.257272014817	-0.0120522283296		42.7
0.22031947504	-0.0233350911591		42.8
0.24030166241	-0.0460955994035		42.9
0.260264704254	-0.0775438290657		43.0
0.280195047788	-0.118927930945		43.1
0.241154183091	-0.133726010696		43.2
0.260999740415	-0.196011350909		43.3
0.280740525163	-0.272308848142		43.4
0.300331146475	-0.364011218276		43.5
0.23634331645	-0.204578030234		43.6
0.256036666724	-0.311029608501		43.7
0.275465955551	-0.43684204182		43.8
0.0482681561442	2.99156564616		43.9
0.0905042406287	3.06112842323		44.0
0.104389619811	3.2667614652		44.1
0.118274998994	3.47239450718		44.2
0.132160378176	3.67802754915		44.3
0.230905896926	2.61566296639		44.4
0.249812741693	2.70882863074		44.5
0.268719586459	2.8019942951		44.6
0.301555488975	0.908962851709		44.7
0.32136235387	0.869352239278		44.8
0.341169218765	0.829741626848		44.9
0.360976083661	0.790131014417		45.0
0.275055133996	-1.23469389616		45.1
0.291990332848	-1.38668680673		45.2
0.250936353582	-0.9639247485		45.3
0.269411595659	-1.0733438363		45.4
0.287886837736	-1.1827629241		45.5
0.306362079813	-1.29218201191		45.6
0.273348527849	0.0239301643856		45.7
0.266484992952	0.504665898392		45.8
0.286420868196	0.527526961667		45.9
0.30635674344	0.550388024942		46.0
0.326292618684	0.573249088217		46.1
0.2817795647	-0.0804168401611		46.2
0.301722025741	-0.102073943602		46.3
0.321664486782	-0.123731047042		46.4
0.268189998115	-0.330750873471		46.5
0.288058012039	-0.363521015078		46.6
0.307926025964	-0.396291156684		46.7
0.327794039889	-0.42906129829		46.8
0.25614676344	0.015266165169		46.9
0.276146660789	0.0161815716236		47.0
0.296146558137	0.0170969780783		47.1
0.216847048751	0.346000074392		47.2
0.220191631102	0.261793308231		47.3
0.240165536608	0.276383623846		47.4
0.260139442115	0.290973939462		47.5
0.280113347621	0.305564255078		47.6
0.300087253128	0.320154570694		47.7
-0.28939942178	0.389923017585		47.8
-0.309351353989	0.409719951663		47.9
-0.329303286197	0.429516885741		48.0
-0.289979625751	1.18042755025		48.1
-0.274033082635	1.71695529209		48.2
-0.292872657928	1.81286171203		48.3
-0.311712233221	1.90876813197		48.4
-0.227018927454	3.21665059253		48.5
-0.242861858346	3.39103086006		48.6
-0.258704789238	3.56541112759		48.7
-0.27454772013	3.73979139512		48.8
0.00743054954623	5.10187567161		48.9
0.00178821968183	5.37598428769		49.0
-0.00385411018256	5.65009290377		49.1
0.302038172367	4.06697268008		49.2
0.311616126943	4.31779287999		49.3
0.321194081519	4.5686130799		49.4
0.330772036095	4.8194332798		49.5
0.391597313184	2.64451299601		49.6
0.408102232353	2.8058768536		49.7
0.424607151521	2.9672407112		49.8
0.44111207069	3.12860456879		49.9
0.457616989859	3.28996842639		50.0
0.405286791891	-0.4883159789		50.1
0.425278862692	-0.49636056265		50.2
0.445270933493	-0.5044051464		50.3
0.305268923257	-1.84614300629		50.4
0.317533256052	-1.22008512463		50.5
0.337460772806	-1.24438795898		50.6
0.357388289561	-1.26869079333		50.7
0.377315806315	-1.29299362768		50.8
0.325349027734	0.563168753326		50.9
0.344524432434	0.644363724775		51.0
0.363699837133	0.725558696224		51.1
0.298851334319	0.919926773185		51.2
0.317977466257	1.00345982554		51.3
0.337103598195	1.0869928779		51.4
0.356229730133	1.17052593026		51.5
0.279887036772	-0.419279551718		51.6
0.101988127966	3.39244745064		51.7
0.0906078569675	3.73506983813		51.8
0.121460049563	3.5931800069		51.9
0.158703661735	3.5932442421		52.0
0.166485099243	3.87343707378		52.1
0.175215134652	4.14024788457		52.2
0.184696501602	4.39731764925		52.3
0.284002468438	3.04690048218		52.4
0.301189725077	3.19545831882		52.5
0.318600183334	3.33711899123		52.6
0.351356366576	1.16409634148		52.7
0.371349764353	1.16599202712		52.8
0.391336502705	1.16377777326		52.9
0.33082526155	-0.882505341261		53.0
0.349100180912	-0.998024402256		53.1
0.367337824376	-1.11472998373		53.2
0.38556315168	-1.23182315214		53.3
0.30165648484	-0.598775031128		53.4
0.321096500867	-0.664988205021		53.5
0.34056785865	-0.729457071895		53.6
0.360079673828	-0.791678871495		53.7
0.263180629464	0.892558298189		53.8
0.282844348045	0.945301491998		53.9
0.302479651792	1.00087585416		54.0
0.322087402016	1.05907376131		54.1
0.257189720064	0.385710042277		54.2
0.277225548507	0.391144414056		54.3
0.297260982971	0.397423227528		54.4
0.216193051921	-0.700856934317		54.5
0.221458045665	-0.558048434014		54.6
0.241019673581	-0.618549366233		54.7
0.260501153443	-0.683240542742		54.8
0.279867696347	-0.7539891732		54.9
0.22518621413	0.171115087768		55.0
0.245174962463	0.158267785875		55.1
0.265150408262	0.130314584575		55.2
0.285081013385	0.0825087695789		55.3
0.222883662222	-0.194136363681		55.4
0.224580434065	-0.256118633177		55.5
0.243266800731	-0.422672647305		55.6
-0.274760019768	0.263064069183		55.7
-0.29541402617	0.175868986191		55.8
-0.331262292129	-0.0999784673821		55.9
-0.351306097301	-0.160156102266		56.0
-0.37129790689	-0.207361953403		56.1
-0.314597830149	-0.245533150593		56.2
-0.334558016238	-0.274708501448		56.3
-0.242539371088	-0.699791591625		56.4
-0.262290417168	-0.744946799535		56.5
-0.282078189567	-0.785631268361		56.6
-0.301894411981	-0.822861639861		56.7
-0.321730835079	-0.857604682415		56.8
-0.176250598217	-2.33726865106		56.9
-0.193622863982	-2.47837779637		57.0
-0.210988519397	-2.61966086628		57.1
-0.228320875646	-2.76180864111		57.2
-0.0786002452202	-3.96579972547		57.3
-0.0892984799285	-4.20707753996		57.4
-0.0998418222743	-4.44985693025		57.5
-0.110215468617	-4.69427119897		57.6
-0.120415276159	-4.94034352601		57.7
0.134919372779	-5.14398633855		57.8
0.137167655572	-5.42843933429		57.9
0.139555033641	-5.71275682326		58.0
0.363922848238	-2.94448300184		58.1
0.379755650136	-3.12011056454		58.2
0.395552496315	-3.29622693194		58.3
0.411254572883	-3.47378954054		58.4
0.407936928648	-0.892340031894		58.5
0.427412905038	-0.95710009121		58.6
0.446758023959	-1.02890998967		58.7
0.370256885763	0.508113278082		58.8
0.390255670653	0.4928765999		58.9
0.410244371982	0.460626517225		59.0
0.430184073845	0.405998140917		59.1
0.350207441271	0.430312111371		59.2
0.369784792065	0.307952339691		59.3
0.388757557381	0.130277575432		59.4
0.406439492018	-0.125326064024		59.5
0.284683947933	-1.11218624662		59.6
0.220679289323	2.07998917998		59.7
0.171326192441	1.91860842951		59.8
0.186863347447	2.11593777265		59.9
0.2024473507	2.3084153652		60.0
0.218118665998	2.49597793042		60.1
0.233908268485	2.67865061349		60.2
0.268001229716	1.72147805643		60.3
0.287047194342	1.81516086662		60.4
0.306153173165	1.90378304874		60.5
0.32532723963	1.98747002181		60.6
0.283514338823	-0.769341757648		60.7
0.302202107525	-0.871467674249		60.8
0.320767662595	-0.977775294034		60.9
0.249142531974	-0.833518188658		61.0
0.252737160394	-0.62388338306		61.1
0.272143364389	-0.69346431608		61.2
0.291494546746	-0.766464304453		61.3
0.251699490977	-0.0363432649438		61.4
0.271676256699	-0.0566350767813		61.5
0.249814978656	-0.0451340776564		61.6
0.228093218664	-0.0473671803789		61.7
0.24806902316	-0.0698238151463		61.8
0.268064015627	-0.0763729543303		61.9
0.288032475018	-0.0998891490236		62.0
0.30799469444	-0.123963605048		62.1
0.265382325464	-0.0508105850476		62.2
0.285370596566	-0.0679021282532		62.3
0.305356313126	-0.0842794846104		62.4
0.256723657996	-0.00106092233361		62.5
0.27672611949	-0.00778700800037		62.6
0.29672722096	-0.0125086477245		62.7
0.225879682873	0.0276192645712		62.8
0.245878138367	0.0312027249481		62.9
0.265873650878	0.0380596886369		63.0
0.285865186369	0.0486020230538		63.1
0.305850979073	0.0632334016771		63.2
0.245599658013	0.0294992875303		63.3
0.265585937302	0.0496264896397		63.4
0.22024671484	0.0256100529871		63.5
0.222621790781	0.0443476708842		63.6
0.224807399208	0.0621744006248		63.7
0.244768209541	0.0992027022885		63.8
0.264697342739	0.142735306364		63.9
0.284584640153	0.193018287936		64.0
0.246085036521	0.136808611541		64.1
0.265981451107	0.192560100805		64.2
0.285814509053	0.255589235371		64.3
0.244195876914	0.14870437201		64.4
0.26409316015	0.21327521167		64.5
0.283909074963	0.285251550044		64.6
0.303629348833	0.364551734472		64.7
0.235422753296	0.0651068978513		64.8
0.255471431471	0.13003914199		64.9
0.275434195714	0.20186592589		65.0
0.190008773005	-0.0221909479441		65.1
0.210217112747	0.0368542970295		65.2
0.230345564745	0.101926849032		65.3
0.250384969117	0.172627530967		65.4
0.217020969616	0.169220262204		65.5
0.23699623371	0.242861557274		65.6
0.256875194746	0.320819562163		65.7
0.276656537489	0.402619903669		65.8
0.241261644015	0.219321148735		65.9
0.261250728951	0.286645935679		66.0
0.281162763848	0.356476237429		66.1
0.219466065729	-0.00152441372447		66.2
0.239709000468	0.0376467878525		66.3
0.259899680715	0.0780395492964		66.4
0.280041591527	0.119197975948		66.5
0.220406200138	0.0825364419588		66.6
0.240526375488	0.117170602262		66.7
0.260611780256	0.151221025308		66.8
0.202439668657	0.0204219123089		66.9
0.22255656719	0.0374944934051		67.0
0.224855232601	0.0405176773455		67.1
0.244926888985	0.051979835389		67.2
0.26497832942	0.0603567203585		67.3
0.285011852076	0.0650504859743		67.4
0.305028875127	0.0654123646322		67.5
0.26325650931	-0.00485347704835		67.6
0.283224927019	-0.0200126033209		67.7
0.303164465336	-0.0418722277847		67.8
0.230695387343	-0.0763121783538		67.9
0.232149820716	-0.0893091792033		68.0
0.25196616808	-0.135512778097		68.1
0.271700477284	-0.193228113512		68.2
0.29132064081	-0.264109896397		68.3
0.251100626889	-0.190752323147		68.4
0.27062765925	-0.282354049418		68.5
0.289909876761	-0.393827560815		68.6
0.223096268543	-0.123060670627		68.7
0.242684693489	-0.252399526655		68.8
0.261825833044	-0.411974372001		68.9
0.280295172277	-0.605681359191		69.0
0.222893496201	-0.358770640574		69.1
0.241530391305	-0.596769063504		69.2
0.258782490537	-0.880680803254		69.3
0.0839111698051	3.39801199513		69.4
0.068385418037	3.62092242218		69.5
0.111261018673	3.68762254693		69.6
0.120723556271	3.9395340276		69.7
0.130180252744	4.19146428582		69.8
0.139633032665	4.44340118925		69.9
0.257703180148	3.31806899128		70.0
0.27412916593	3.48123796869		70.1
0.290555384578	3.6443765826		70.2
0.306982854205	3.8074668645		70.3
0.36441949055	1.64974891594		70.4
0.384239437317	1.68835783178		70.5
0.404059819466	1.72685700031		70.6
0.308551309486	-1.52796557174		70.7
0.326160626372	-1.66347924694		70.8
0.343764428883	-1.79912760225		70.9
0.275799146115	0.888039910834		71.0
0.295635953883	0.924556046505		71.1
0.315474240539	0.960883359672		71.2
0.33531411725	0.997013201106		71.3
0.355155678026	1.03293812317		71.4
0.306670320068	-0.293978451609		71.5
0.326403098453	-0.340536774965		71.6
0.346133286182	-0.387313990911		71.7
0.248264250285	-1.10359241666		71.8
0.267371900596	-1.18798436187		71.9
0.286474831264	-1.2725939998		72.0
0.305573041897	-1.35742127437		72.1
0.25014153162	0.540072475307		72.2
0.251653152478	0.400310085565		72.3
0.271472996001	0.438581653508		72.4
0.291294913388	0.476636803837		72.5
0.249871617305	0.0218326587313		72.6
0.269871604902	0.023085342779		72.7
0.289871681237	0.0241353785862		72.8
0.309871832661	0.0249895115974		72.9
0.263064256895	-0.201105685906		73.0
0.28303896647	-0.215551818016		73.1
0.303013083755	-0.23016941904		73.2
0.25497485761	-0.0974501276979		73.3
0.274973470634	-0.101198241387		73.4
0.294971956301	-0.105088511167		73.5
0.314970315871	-0.10911008209		73.6
0.240757812204	0.157559002151		73.7
0.260731328242	0.172349161794		73.8
0.280705180428	0.187043274877		73.9
0.300679318398	0.201653786539		74.0
0.247758102628	0.238156945238		74.1
0.267729403721	0.253528397943		74.2
0.287700849691	0.26885537493		74.3
0.307672387708	0.284151396869		74.4
0.241642850924	-0.0676653191672		74.5
0.261626052488	-0.0794316355809		74.6
0.281609258907	-0.0911873229292		74.7
0.215749337738	-0.139297621789		74.8
0.218595313346	-0.109147152854		74.9
0.238584769404	-0.118454658759		75.0
0.203312993957	-0.00763261239997		75.1
0.22331271851	-0.00604461165048		75.2
0.243312390689	-0.0043613807483		75.3
0.263312005812	-0.00256902551095		75.4
0.283311558544	-0.000653799896895		75.5
0.222250757146	0.00662636957821		75.6
0.242249937155	0.0092171958695		75.7
0.205710340837	0.00398417694129		75.8
0.225709762803	0.00619759822457		75.9
0.227652644425	0.00658366242378		76.0
0.229440140946	0.00685066107037		76.1
0.249439497716	0.00929964247155		76.2
0.269438748113	0.0119721290871		76.3
0.289437877411	0.0148790317094		76.4
0.251173650969	0.00824318158548		76.5
0.271173029367	0.0109225764444		76.6
0.204537483217	-0.00147195866755		76.7
0.224537395879	0.000459715977008		76.8
0.244537227867	0.00267246948904		76.9
0.264536958703	0.00517381742758		77.0
0.284536566286	0.0079705917066		77.1
0.200322424813	0.00322305680936		77.2
0.220322232978	0.00593551546665		77.3
0.24032189621	0.00895946428675		77.4
0.26032138818	0.0122986656167		77.5
0.24347053136	0.0106123249117		77.6
0.263469991319	0.0141643236592		77.7
0.283469230658	0.0180376242517		77.8
0.303468221435	0.0222323829813		77.9
0.238066481369	0.00506852546916		78.0
0.258066492006	0.00827991863211		78.1
0.278066298791	0.011807216584		78.2
0.213454732052	-0.000200889001544		78.3
0.233455140293	0.00268297247424		78.4
0.253455362803	0.00586742205991		78.5
0.273455375952	0.00934502699978		78.6
0.211982124486	0.00383828886217		78.7
0.215023941181	0.00593831427512		78.8
0.235024028837	0.00937114215657		78.9
0.255023890584	0.0130549095977		79.0
0.275023514028	0.0169757729379		79.1
0.238620281697	0.0108438407533		79.2
0.258620188911	0.0143814194203		79.3
0.278619880586	0.018106159861		79.4
0.233930320476	0.00430934609252		79.5
0.253930717606	0.00696728383677		79.6
0.273930953462	0.00974914784317		79.7
0.293931032794	0.012630745451		79.8
0.227124713243	-0.00456641473163		79.9
0.24712534143	-0.00307666967677		80.0
0.185901332141	-0.00277354332673		80.1
0.205901762317	-0.00133448464063		80.2
0.225902097467	5.8540119407e-05		80.3
0.245902349332	0.00137117813012		80.4
0.26590253081	0.00256726507302		80.5
0.212014015482	0.00337014344889		80.6
0.21505306803	0.00314557530736		80.7
0.235053132443	0.00362382930149		80.8
0.255053162686	0.00382206756541		80.9
0.218640548052	0.000104546959084		81.0
0.238640462565	-0.000699111856116		81.1
0.202966596244	-0.00153764945699		81.2
0.222966343094	-0.00320295877667		81.3
0.242965952213	-0.00539757927295		81.4
0.262965370607	-0.00817772252182		81.5
0.282964527116	-0.0116018006184		81.6
0.239853591292	-0.00650238395664		81.7
0.240664868838	-0.00844368023629		81.8
0.241411259361	-0.0103555114993		81.9
0.261409874351	-0.0158384126077		82.0
0.281407746867	-0.0222915542376		82.1
0.237133577668	-0.0105639915933		82.2
0.257132114462	-0.017662172282		82.3
0.277129484438	-0.0259549510589		82.4
0.297125316553	-0.0355220014744		82.5
0.317119174008	-0.0464454745741		82.6
0.246858453291	-0.0131621738951		82.7
0.247110075891	-0.0190583568079		82.8
0.267107080916	-0.0308432672515		82.9
0.287101113953	-0.0443387315868		83.0
0.307091375535	-0.0596394143151		83.1
0.327076950886	-0.0768424029402		83.2
0.258471430054	-0.0364647826029		83.3
0.278464259577	-0.0535485140993		83.4
0.298451146708	-0.0728412791957		83.5
0.220023512049	0.00840619503775		83.6
0.222431085094	-0.0102983138298		83.7
0.242434344331	-0.0291094385323		83.8
0.262430119693	-0.0505708316437		83.9
0.282416492303	-0.0747969025854		84.0
0.0400532526385	-3.76542223622		84.1
-0.0215726812531	-4.06229636623		84.2
-0.0247474558036	-4.3545714128		84.3
-0.0275472064772	-4.64495127493		84.4
0.228201089917	-3.78176532858		84.5
0.241030638237	-4.00562317832		84.6
0.254105102126	-4.22491315212		84.7
0.267432083635	-4.43985055897		84.8
0.329441748703	-3.31304030661		84.9
0.347071908259	-3.44871780543		85.0
0.347840483855	-0.367645875793		85.1
0.367556777151	-0.319581606631		85.2
0.387215584707	-0.267009573309		85.3
0.406820333561	-0.2102277053		85.4
0.426373983376	-0.149560422665		85.5
0.313411607105	0.329067048848		85.6
0.332447391536	0.417795064568		85.7
0.35142641353	0.509243202035		85.8
0.37035486304	0.60300855614		85.9
0.308346281528	-0.0289724356827		86.0
0.328011346447	0.0259897826485		86.1
0.347660436573	0.0820318701229		86.2
0.367298006181	0.138693434133		86.3
0.303318911604	-0.160302622543		86.4
0.323180524447	-0.123871446365		86.5
0.343043319624	-0.0882340172132		86.6
0.362911173844	-0.0538687401448		86.7
0.277329066555	0.101787868602		86.8
0.297148751835	0.140415480775		86.9
0.316990519503	0.176354904734		87.0
0.23843595032	0.0929115406532		87.1
0.239377973875	0.0810351300898		87.2
0.259364555842	0.0941997757394		87.3
0.279372246725	0.102843695773		87.4
0.299400388415	0.1065368174		87.5
0.233391910341	-0.0459826577654		87.6
0.253417338153	-0.0647737520334		87.7
0.273436035108	-0.08970537869		87.8
0.293440585631	-0.12112387019		87.9
0.207494258398	-0.0151828047107		88.0
0.2275571775	-0.0485422053751		88.1
0.24759606822	-0.0892395436268		88.2
0.267598317916	-0.137471838002		88.3
0.287550088442	-0.193384033587		88.4
0.268097333828	-0.186215245754		88.5
0.287989251681	-0.252628104429		88.6
0.307794489642	-0.326819760668		88.7
0.327497440169	-0.408688976317		88.8
0.256932550539	-0.10644065674		88.9
0.276945368106	-0.17603731866		89.0
0.296861880362	-0.252777660179		89.1
0.202796601281	0.0677709937279		89.2
0.223067329716	0.0100119258614		89.3
0.243257348844	-0.0538963389483		89.4
0.263356908965	-0.123494132687		89.5
0.283358691087	-0.198290081608		89.6
0.246669245574	-0.242384069802		89.7
0.266519992903	-0.323250707639		89.8
0.286268704388	-0.407752495354		89.9
0.244056697243	-0.210875896597		90.0
0.264034848735	-0.279465182938		90.1
0.283935027983	-0.350192068251		90.2
0.303762411118	-0.422536582607		90.3
0.263437775961	-0.156092673404		90.4
0.28350247468	-0.206569879543		90.5
0.303518538111	-0.257209173986		90.6
0.228307111231	0.198284513127		90.7
0.248527930986	0.186443490971		90.8
0.268709715125	0.175914434526		90.9
0.231072284745	-0.0390455869102		91.0
0.229518821924	-0.119416863195		91.1
0.231270559088	-0.104634669191		91.2
0.251286689979	-0.122198205264		91.3
0.27129447115	-0.135386595827		91.4
0.232781308325	-0.0196105468488		91.5
0.252772900472	-0.0118518228918		91.6
0.272743358449	0.0028066134247		91.7
0.292686858334	0.0254186144822		91.8
0.251917036632	0.0690402230072		91.9
0.271762906875	0.112129432069		92.0
0.291531355842	0.167298277673		92.1
0.24616488742	0.160075143141		92.2
0.265784001558	0.239319969095		92.3
0.285206680076	0.336988452001		92.4
0.304346095702	0.45585301231		92.5
0.235042057914	0.260272456445		92.6
0.254222726376	0.407009648311		92.7
0.272814969115	0.586255881275		92.8
0.21248226297	0.271223475127		92.9
0.23158540935	0.48789606257		93.0
0.249505418701	0.751255248763		93.1
0.265723289133	1.06336132711		93.2
0.0120719158048	-3.21859693154		93.3
0.0333766963455	-3.41282710743		93.4
0.0515083180008	-3.61449319337		93.5
0.0671686754633	-3.82627288756		93.6
0.240643051707	-2.14098510927		93.7
0.260686617404	-2.18474832245		93.8
0.280205758221	-2.25080446382		93.9
0.299257278271	-2.33775913895		94.0
0.317854646177	-2.44478530225		94.1
0.330194463063	-1.11483072677		94.2
0.350105516895	-1.17589896504		94.3
0.369891691874	-1.25763710469		94.4
0.319562348519	0.566260230333		94.5
0.340694842457	0.556484834987		94.6
0.362019686326	0.526474264302		94.7
0.383434665479	0.476802258506		94.8
0.28171235044	1.22609151182		94.9
0.303622410769	1.18545528804		95.0
0.325469091105	1.1302637054		95.1
0.249731788848	-0.556487196014		95.2
0.267416670077	-0.745742602872		95.3
0.284718536173	-0.938004192371		95.4
0.301726436257	-1.12992396668		95.5
0.218587733511	-0.509230888298		95.6
0.238084030301	-0.623381889846		95.7
0.257483873125	-0.729209508364		95.8
0.276862861103	-0.824409124155		95.9
0.241987747402	-0.101753701529		96.0
0.262091023436	-0.108159637832		96.1
0.282098777673	-0.0986894070049		96.2
0.216539050182	0.0737804234705		96.3
0.236207441389	0.130282454484		96.4
0.25569041161	0.205867108132		96.5
0.274943775353	0.301049013011		96.6
0.252595360189	0.226937710607		96.7
0.271668714162	0.347588045179		96.8
0.290398344504	0.487043197263		96.9
0.308724080347	0.643914164844		97.0
0.265859221045	0.389904047426		97.1
0.284537160266	0.547813710269		97.2
0.302822959725	0.716457223229		97.3
0.259445900784	0.319068448055		97.4
0.278631093284	0.462040897529		97.5
0.297564402158	0.606433301018		97.6
0.316308460944	0.748854383048		97.7
0.224586612266	-0.20562533984		97.8
0.24499064714	-0.15706206021		97.9
0.265246637025	-0.120174193578		98.0
0.228232666432	0.0923246830041		98.1
0.226911832915	0.148297648091		98.2
0.24691682763	0.144181271019		98.3
0.266921920423	0.109581403702		98.4
0.286855610442	0.037102192519		98.5
0.269945395778	-0.200859173098		98.6
0.288679863442	-0.387277175132		98.7
0.13261182038	3.37260446836		98.8
0.0774086546221	3.58793063768		98.9
0.102067762318	3.73760682594		99.0
0.125663648081	3.87770782288		99.1
0.25507094033	2.18126643497		99.2
0.277971759834	2.10867482416		99.3
0.300179670414	2.04405706752		99.4
0.259279071395	-0.619380145421		99.5
0.274473869814	-0.837344617429		99.6
0.272950652948	-0.723146578527		99.7
0.289414488091	-0.905946286592		99.8
0.305958048358	-1.08188941562		99.9
0.322604880286	-1.2515978587		100.0
0.285442968273	-0.252160925254		100.1
0.304698401168	-0.340235721922		100.2
0.32399550957	-0.422750657187		100.3
0.271411279199	0.309264449193		100.4
0.291411982259	0.289727368773		100.5
0.311408384485	0.275773270363		100.6
0.331403738241	0.267517323128		100.7
0.256176950565	0.110483087765		100.8
0.276163049377	0.10123273008		100.9
0.296166046799	0.0982705936987		101.0
0.201137334895	-0.15044053395		101.1
0.221165466269	-0.159601048887		101.2
0.241229684601	-0.161609159058		101.3
0.26132300752	-0.156117881388		101.4
0.281436558343	-0.142762757307		101.5
0.243755621393	0.0590451974169		101.6
0.26375077244	0.102946530633		101.7
0.283696498179	0.155835747074		101.8
0.240490622563	0.217974092426		101.9
0.260286856087	0.289379132713		102.0
0.279969651158	0.370816398161		102.1
0.233333873174	0.220744858676		102.2
0.253150639448	0.303950428053		102.3
0.272818999481	0.398065608964		102.4
0.292307101298	0.50322853401		102.5
0.230907808828	0.0981739063039		102.6
0.232652799126	0.152958897676		102.7
0.252652231852	0.248945244851		102.8
0.272456508662	0.356157482473		102.9
0.292032673149	0.474304738074		103.0
0.253161630193	0.336036378298		103.1
0.272828398197	0.45529020525		103.2
0.292233613621	0.584249019937		103.3
0.245765780677	0.140364558508		103.4
0.265933842579	0.243901306299		103.5
0.285878688274	0.355563099918		103.6
0.305588130259	0.474576695429		103.7
0.241347028045	0.183974867902		103.8
0.242483663979	0.220642212121		103.9
0.262535929118	0.321143227815		104.0
0.282396397399	0.426383606168		104.1
0.241456794066	0.179004254822		104.2
0.261622714041	0.264337532263		104.3
0.281639824393	0.352803766028		104.4
0.218077738043	0.0417978456382		104.5
0.238441568071	0.102106203092		104.6
0.258699956089	0.164368917753		104.7
0.278860943623	0.228216090884		104.8
0.23438617169	0.0679706655524		104.9
0.254626410209	0.116196221111		105.0
0.254545254999	0.12295055595		105.1
0.27469482526	0.169144700742		105.2
0.294790625779	0.215674515255		105.3
0.274476080012	0.16241112323		105.4
0.294558050252	0.202014696218		105.5
0.314604648397	0.241442778654		105.6
0.334621057485	0.28054687169		105.7
0.259480517847	-0.0494047098485		105.8
0.279606866992	-0.036424872847		105.9
0.299711930778	-0.0241345500967		106.0
0.225869003907	-0.0900789979238		106.1
0.245949660106	-0.08441312046		106.2
0.266015661316	-0.0797748578033		106.3
0.286068908739	-0.0762677525714		106.4
0.306111034131	-0.0739903437874		106.5
0.262860411396	0.00314899344095		106.6
0.282881067106	0.00821092340352		106.7
0.302896032728	0.011776266576		106.8
0.232117888694	0.0390042257564		106.9
0.233563160461	0.027935536787		107.0
0.253565104111	0.027057635704		107.1
0.273563519282	0.0244150174811		107.2
0.293558443281	0.0199599614241		107.3
0.229318712722	-0.0287567462244		107.4
0.249298635469	-0.0400935019251		107.5
0.269272888021	-0.0533235528503		107.6
0.289241027862	-0.0684495761788		107.7
0.226298001893	-0.0168647345347		107.8
0.228173398193	-0.0247971961506		107.9
0.248145990753	-0.0395589307794		108.0
0.268113124185	-0.0560701456282		108.1
0.288074362302	-0.0742464429334		108.2
0.225656480843	-0.0278801683209		108.3
0.245629310715	-0.0437182395612		108.4
0.265597469564	-0.060830686222		108.5
0.207020406697	-0.0206196250766		108.6
0.227000172138	-0.0346449263464		108.7
0.246976973004	-0.0493140055995		108.8
0.266951340426	-0.0643573617504		108.9
0.250636251848	-0.0537680086442		109.0
0.270615145951	-0.0666504175789		109.1
0.290594475806	-0.0789124055078		109.2
0.310575550865	-0.0901602316308		109.3
0.26468157502	-0.0152337953274		109.4
0.284677618237	-0.0172233618938		109.5
0.304676142694	-0.0168425938849		109.6
0.207113686686	0.0479432164896		109.7
0.22710795415	0.0590596982541		109.8
0.247099729512	0.0741121831403		109.9
0.267086658253	0.0936504132423		110.0
0.287065228735	0.118228483278		110.1
0.247892003904	0.0623629049851		110.2
0.26789003446	0.0921911297528		110.3
0.202374391095	0.00595968407659		110.4
0.222426011871	0.0391647312223		110.5
0.242458433209	0.0799851503482		110.6
0.262458977179	0.128826487859		110.7
0.28241279782	0.186032067543		110.8
0.0154801665061	-3.61856656308		110.9
0.0210861948878	-3.89282714444		111.0
0.0266922232695	-4.16708772579		111.1
0.094859885828	-4.21762603211		111.2
0.153314342963	-4.16532648154		111.3
0.166751937658	-4.37694369893		111.4
0.279216516617	-3.03233526271		111.5
0.30650013429	-2.47930154488		111.6
0.325634187258	-1.83250999655		111.7
0.34561051945	-1.84640576124		111.8
0.365586851642	-1.86030152593		111.9
0.326226090051	0.481362069401		112.0
0.344466730524	0.598538924328		112.1
0.285380449382	-0.0271071860653		112.2
0.304735023617	0.0448911928728		112.3
0.324089597852	0.116889571811		112.4
0.343444172087	0.188887950749		112.5
0.362798746321	0.260886329687		112.6
0.276182520288	0.0693286607457		112.7
0.295808937506	0.124293857836		112.8
0.315435354725	0.179259054927		112.9
0.335061771943	0.234224252017		113.0
0.230769020554	-0.0348000725758		113.1
0.250649342646	-0.00359046687417		113.2
0.270529664739	0.0276191388274		113.3
0.290409986832	0.058828744529		113.4
0.246982708683	0.0711844564279		113.5
0.266874048928	0.100926830803		113.6
0.286765389172	0.130669205178		113.7
0.306656729417	0.160411579553		113.8
0.262768329209	0.0687326171416		113.9
0.282713580598	0.089858802665		114.0
0.302658831988	0.110984988188		114.1
0.322604083378	0.132111173712		114.2
0.250346372269	-0.023769530348		114.3
0.270336756594	-0.014910837588		114.4
0.290327140919	-0.00605214482797		114.5
0.219619484633	-0.0348357538307		114.6
0.222050561185	-0.0174224017413		114.7
0.242043927783	-0.0100643285129		114.8
0.26203729438	-0.00270625528452		114.9
0.282030660978	0.00465181794388		115.0
0.243929667489	0.0238364507276		115.1
0.263921387822	0.0320568597193		115.2
0.283913108156	0.040277268711		115.3
0.240730101868	0.0266878590704		115.4
0.260724939702	0.0331789832809		115.5
0.280719777536	0.0396701074914		115.6
0.30071461537	0.0461612317019		115.7
0.252849450082	0.00533579763132		115.8
0.27284830553	0.00839243220655		115.9
0.292847160978	0.0114490667818		116.0
0.224905456683	-0.0121570529686		116.1
0.244905306896	-0.0110512740945		116.2
0.264905157109	-0.00994549522041		116.3
0.284905007322	-0.00883971634634		116.4
0.223335060435	0.00778653378691		116.5
0.225468086148	0.00758408709703		116.6
0.245467554573	0.00966719327151		116.7
0.265467022997	0.011750299446		116.8
0.285466491422	0.0138334056204		116.9
0.246726475856	0.00487514040724		117.0
0.266726284841	0.00612386030465		117.1
0.286726093825	0.00737258020211		117.2
0.30672590281	0.00862130009953		117.3
0.238375302238	-0.00604704972931		117.4
0.258375300801	-0.00593874105478		117.5
0.278375299364	-0.00583043238023		117.6
0.211827454418	-0.00314348794719		117.7
0.20955749114	-0.00102702358614		117.8
0.229557455735	-0.000489419356362		117.9
-0.290169187347	-0.0144598061694		118.0
-0.298866610131	-0.0285454180593		118.1
-0.318866367554	-0.0299526184965		118.2
-0.338866124976	-0.0313598189337		118.3
-0.358865882399	-0.0327670193709		118.4
-0.378865639821	-0.034174219808		118.5
-0.25683405225	-0.108490017002		118.6
-0.27682957157	-0.11453756851		118.7
-0.296825090891	-0.120585120017		118.8
-0.316820610211	-0.126632671525		118.9
-0.336816129532	-0.132680223032		119.0
-0.285012733992	-0.298581605258		119.1
-0.304979860178	-0.314956498198		119.2
-0.324946986363	-0.331331391139		119.3
-0.344914112549	-0.34770628408		119.4
-0.260206782363	-0.815623125864		119.5
-0.279934825735	-0.862580129006		119.6
-0.299662869108	-0.909537132148		119.7
-0.193711836725	-1.7752750013		119.8
-0.173430320869	-2.305612537		119.9
-0.190279866634	-2.45953592606		120.0
-0.207129412398	-2.61345931512		120.1
-0.124924528286	-3.5254311368		120.2
-0.137619852568	-3.74620377882		120.3
-0.150315176851	-3.96697642083		120.4
0.0840816993446	-4.47958539718		120.5
0.0828946494671	-4.76479599341		120.6
0.0817075995895	-5.05000658964		120.7
0.080520549712	-5.33521718587		120.8
0.286675277397	-3.86614993418		120.9
0.297449914631	-4.10685773082		121.0
0.308224551865	-4.34756552745		121.1
0.3189991891	-4.58827332409		121.2
0.365292464234	-0.844479584098		121.3
0.384825711357	-0.905845427196		121.4
0.404358958481	-0.967211270295		121.5
0.423892205604	-1.02857711339		121.6
0.443425452727	-1.08994295649		121.7
0.405873636226	0.00810371724484		121.8
0.425868335058	0.00152579137747		121.9
0.44586303389	-0.00505213448993		122.0
0.465857732721	-0.0116300603573		122.1
0.347288651792	0.675382096311		122.2
0.367216692986	0.699597010544		122.3
0.387144734181	0.723811924776		122.4
0.287099161071	-0.180856163635		122.5
0.284210254768	-0.142065244521		122.6
0.304103527269	-0.171542697683		122.7
0.32399679977	-0.201020150846		122.8
0.343890072271	-0.230497604009		122.9
0.291305219528	-0.0293981519021		123.0
0.311278297577	-0.0442178385274		123.1
0.331251375626	-0.0590375251528		123.2
0.275514962391	0.062767999794		123.3
0.295510348308	0.0566310918263		123.4
0.315505734225	0.0504941838587		123.5
0.335501120141	0.044357275891		123.6
0.277230565153	0.071479186201		123.7
0.2972283976	0.067272840116		123.8
0.317226230048	0.0630664940311		123.9
0.337224062495	0.0588601479461		124.0
0.259048097694	-0.0484319277645		124.1
0.27903262308	-0.0596691209078		124.2
0.299017148466	-0.0709063140512		124.3
0.319001673852	-0.0821435071945		124.4
0.238797710722	-0.0970015776886		124.5
0.258783230785	-0.107871756144		124.6
0.278768750848	-0.118741934599		124.7
0.182559290778	0.0322601936778		124.8
0.20255762426	0.0359485069683		124.9
0.222555957743	0.0396368202589		125.0
0.163778843118	-1.9875744623		125.1
0.162274809424	-2.00836206245		125.2
0.173000025481	-2.29877583124		125.3
0.185044553138	-2.55202576243		125.4
0.198462207621	-2.7741113531		125.5
0.244969476061	-1.44281805327		125.6
0.264606065255	-1.4972359975		125.7
0.284490069134	-1.53165065349		125.8
0.304543554476	-1.55129728028		125.9
0.255853738782	0.960753202948		126.0
0.272660880912	1.12017569598		126.1
0.289446327956	1.27942195214		126.2
0.23198092668	0.899026899812		126.3
0.250733744142	0.999939521529		126.4
0.254293258335	0.630817702944		126.5
0.217618206804	-0.106493101972		126.6
0.237471171042	-0.1503381347		126.7
0.257209086594	-0.214317861471		126.8
0.276777872043	-0.299852619373		126.9
0.296107741353	-0.407574553636		127.0
0.273953811173	-0.329717485839		127.1
0.293085095624	-0.46606900043		127.2
0.311823551478	-0.62094882718		127.3
0.330125039958	-0.790994938288		127.4
0.262586617325	-0.274814645095		127.5
0.281987814219	-0.417802070347		127.6
0.301109102584	-0.562359909297		127.7
0.230152218012	0.0755388351981		127.8
0.250464792171	0.00211046389994		127.9
0.270619794803	-0.0558945720911		128.0
0.208954898743	-0.0868929050134		128.1
0.228968947593	-0.0922758432762		128.2
0.248926641524	-0.0589588410231		128.3
0.268730376357	0.0246007763216		128.4
0.288098834046	0.173361735831		128.5
0.247604759669	0.487751859681		128.6
0.103125309876	-3.403292929		128.7
0.155872052049	-3.26837895441		128.8
0.192015627554	-3.20086198503		128.9
0.207223063064	-2.52962684779		129.0
0.23194894675	-2.45283737917		129.1
0.255059876607	-2.4020140401		129.2
0.27379943067	-0.525228370709		129.3
0.271343229969	-0.162658698958		129.4
0.289147256156	-0.000308790352924		129.5
0.306931641457	0.153897656659		129.6
0.255319276616	0.315834190734		129.7
0.273140674756	0.457811968099		129.8
0.291019324882	0.594500985618		129.9
0.24901827348	0.262818511758		130.0
0.268016622963	0.35706858195		130.1
0.287080573958	0.446268499745		130.2
0.30622180371	0.530386770301		130.3
0.236170515144	-0.137816368413		130.4
0.256121624784	-0.118126839532		130.5
0.276095777644	-0.103569571684		130.6
0.296093009314	-0.0939435113662		130.7
0.230945114274	0.0849858085229		130.8
0.232532626915	0.0705872475621		130.9
0.2525753451	0.0784151953689		131.0
0.27263388955	0.0833711002703		131.1
0.29270138904	0.0862683800091		131.2
0.252218971523	-0.00237846490256		131.3
0.272282020745	-0.00742548508562		131.4
0.292336934071	-0.0115234430277		131.5
0.246988313075	-0.0455834523667		131.6
0.267016454364	-0.0463829364927		131.7
0.287027601921	-0.0424471095603		131.8
0.307016538568	-0.0322672895524		131.9
0.237471915659	0.0283648559886		132.0
0.257362126069	0.0597467977634		132.1
0.277176222281	0.103480139661		132.2
0.296876117535	0.162558137585		132.3
0.230317518237	0.18765283423		132.4
0.249679118422	0.285819372833		132.5
0.268634296689	0.415352912967		132.6
0.206259422992	0.244499744063		132.7
0.209114594227	0.371171797228		132.8
0.226687670568	0.64445229755		132.9
0.241239974075	1.03257794667		133.0
0.249272301736	1.584314868		133.1
0.214673538444	1.8295685924		133.2
0.156881282102	2.49026340039		133.3
0.193638622178	0.976340079238		133.4
0.213541371192	0.895079587029		133.5
0.233350378246	0.816475380239		133.6
0.253091905487	0.741042734938		133.7
0.238120366239	0.119375292606		133.8
0.23776045228	-0.0318438481615		133.9
0.237419960307	-0.130704548721		134.0
0.256155349147	-0.235110519392		134.1
0.274966150797	-0.334924780373		134.2
0.293863851014	-0.429980074875		134.3
0.312857299524	-0.520123144492		134.4
0.269890867144	-0.285934967454		134.5
0.289477225598	-0.343749920342		134.6
0.309142393251	-0.396147287555		134.7
0.25553185464	0.136212526975		134.8
0.255224911347	0.0862822211268		134.9
0.275273501346	0.0879178005391		135.0
0.29533797626	0.0954251566272		135.1
0.273061122788	0.0381896371552		135.2
0.293158633419	0.0525521064194		135.3
0.313258488545	0.0728546884873		135.4
0.333352530484	0.0990777496442		135.5
0.353432258009	0.13117820775		135.6
0.252874618493	-0.00109083123726		135.7
0.273003361205	0.0313785837092		135.8
0.293107249875	0.0694725364455		135.9
0.233291995942	-0.0116019594399		136.0
0.234757825095	0.0316983623496		136.1
0.254848764072	0.0766318346346		136.2
0.274894937607	0.126571017621		136.3
0.294889761606	0.181316159799		136.4
0.255611202768	0.186800028187		136.5
0.275550126196	0.246339293659		136.6
0.295427240975	0.310034096574		136.7
0.251785322042	0.16235596228		136.8
0.271776046954	0.217905199402		136.9
0.291710998306	0.276953910769		137.0
0.311588460858	0.339268588295		137.1
0.243927277285	0.0216078753876		137.2
0.264056052643	0.0621860986809		137.3
0.284144360199	0.105420526472		137.4
0.189216824579	-0.17536838153		137.5
0.209445534242	-0.153659425477		137.6
0.229647140005	-0.129875846131		137.7
0.249821430292	-0.104212968545		137.8
0.231669206274	0.00431571807464		137.9
0.251737020375	0.0398978709595		138.0
0.271776954264	0.0768041527803		138.1
0.209746142496	0.0503484652761		138.2
0.229784829956	0.0837465557981		138.3
0.24980149837	0.117986460083		138.4
0.269797793243	0.152915738576		138.5
0.271493588368	0.155911562197		138.6
0.251747917519	0.101732297581		138.7
0.230190249583	0.0405964450818		138.8
0.250235913882	0.0604197616323		138.9
0.270270335072	0.0802404440163		139.0
0.210317995703	0.0187644858263		139.1
0.230360927232	0.0312684673481		139.2
0.25039589186	0.043380003387		139.3
0.270423914537	0.0549707773619		139.4
0.290445964875	0.0659133387389		139.5
0.22878838008	0.00947993240545		139.6
0.230507367257	0.0103787038736		139.7
0.250523993295	0.0131007490161		139.8
0.270536187341	0.0146684250076		139.9
0.290544303792	0.0149541928899		140.0
0.252026179265	0.000160076293056		140.1
0.272025919449	-0.00351548925462		140.2
0.292021455189	-0.00885983971161		140.3
0.223482846437	-0.0181660570402		140.4
0.243468924792	-0.0273200912536		140.5
0.26344953261	-0.0385390173181		140.6
0.203942291059	-0.0118454544219		140.7
0.223921402486	-0.0241008524942		140.8
0.243894157942	-0.0388283159178		140.9
0.263859213299	-0.0561651803004		141.0
0.225326909705	-0.0353474736093		141.1
0.245289236133	-0.0549226162354		141.2
0.265240769158	-0.0775238996473		141.3
0.285179176357	-0.103289710417		141.4
0.246350662444	-0.0695912707778		141.5
0.266289941798	-0.0973219285322		141.6
0.286211385842	-0.128629583879		141.7
0.306111510607	-0.163646216749		141.8
0.241189147485	-0.0589991648266		141.9
0.261132320301	-0.0912657554098		142.0
0.28105225225	-0.127626092073		142.1
0.21564224124	-0.0224748516805		142.2
0.21837039049	-0.0486975162222		142.3
0.0509166624609	3.2008350779		142.4
0.110255996723	3.08737332291		142.5
0.127569069567	3.25085410421		142.6
0.144161348739	3.42172396739		142.7
0.160089540149	3.60028452946		142.8
0.175404149273	3.78656783244		142.9
0.263207846832	2.45907057337		143.0
0.282263283771	2.54607968118		143.1
0.301093685732	2.64243034694		143.2
0.319712103507	2.74748917558		143.3
0.322128184206	-0.162643644239		143.4
0.341825435495	-0.218292613617		143.5
0.361643848909	-0.26714547344		143.6
0.270517741614	-0.83106130554		143.7
0.272810847566	-0.573268080611		143.8
0.292829770587	-0.609114192248		143.9
0.312882475971	-0.64149135973		144.0
0.266266019902	0.0813034555003		144.1
0.286358916	0.105525873045		144.2
0.30642954668	0.130328454727		144.3
0.326478885686	0.154728633208		144.4
0.278024784732	0.0426234473678		144.5
0.298076843518	0.0542329701594		144.6
0.318111614699	0.062571170025		144.7
0.338131573915	0.0667167991648		144.8
0.260468904282	-0.0719249831721		144.9
0.280438320574	-0.0877985836243		145.0
0.300378847609	-0.110465910506		145.1
0.22767375471	-0.0789194049537		145.2
0.22942449784	-0.0863676853415		145.3
0.249313590195	-0.126546232347		145.4
0.269149628132	-0.176511678212		145.5
0.288914018236	-0.236871055142		145.6
0.250912872014	-0.178070181601		145.7
0.270647298846	-0.251168070711		145.8
0.290258974551	-0.335986357827		145.9
0.264609053752	-0.24615517289		146.0
0.284216109923	-0.341668680084		146.1
0.303639692122	-0.449133245248		146.2
0.322845528277	-0.568266429642		146.3
0.255719730451	-0.179962280098		146.4
0.275493497214	-0.286080566544		146.5
0.206160113011	0.058436760634		146.6
0.2264784322	-0.0298792609822		146.7
0.246625158311	-0.126992734193		146.8
0.266581989228	-0.231869104216		146.9
0.286338175861	-0.343421577966		147.0
0.225493347168	-0.207118397432		147.1
0.227775239161	-0.240837564322		147.2
0.247674623849	-0.339648867295		147.3
0.267416804672	-0.44111784002		147.4
0.287015402821	-0.54429062258		147.5
0.306487608587	-0.648274493591		147.6
0.269031277948	-0.310100916415		147.7
0.288982542248	-0.382691960061		147.8
0.308859883429	-0.453825145812		147.9
0.261750725758	0.0290103934176		148.0
0.231512005018	0.318570181484		148.1
0.251745884695	0.320942367153		148.2
0.271904243961	0.327796684723		148.3
0.171194755996	-1.83536415955		148.4
0.188636165893	-1.97546461476		148.5
0.206234049869	-2.1118571856		148.6
0.223975027888	-2.2447949631		148.7
0.202678917108	-1.71772073041		148.8
0.22229389839	-1.77749329187		148.9
0.241959074938	-1.83443578187		149.0
0.26166490356	-1.88891804408		149.1
0.242560100537	0.41497815903		149.2
0.260632537069	0.539890619282		149.3
0.278662915188	0.665998523235		149.4
0.213909089663	0.874962678004		149.5
0.220118745361	0.729076560144		149.6
0.238831281139	0.832331675195		149.7
0.257541826502	0.935347649671		149.8
0.27625921378	1.0377671368		149.9
0.294992445969	1.13923602948		150.0
0.270384266799	0.268932621951		150.1
0.290275623876	0.300981830739		150.2
0.310175546126	0.330928525027		150.3
0.21138392996	-0.565265773614		150.4
0.231165325544	-0.607320588742		150.5
0.250909032691	-0.652614280838		150.6
0.270609875246	-0.701553286186		150.7
0.290261799978	-0.754556201497		150.8
0.309857692566	-0.812055501679		150.9
0.294622690223	-0.310642158802		151.0
0.314532585131	-0.341739980948		151.1
0.334411031033	-0.378837780018		151.2
0.254023864489	0.372332431969		151.3
0.254603209221	0.23909267976		151.4
0.274710408087	0.222712452506		151.5
0.294821746646	0.198048152787		151.6
0.314924274302	0.164471496895		151.7
0.243350291889	-0.272531932896		151.8
0.262933774014	-0.352993183295		151.9
0.28237546993	-0.444174199353		152.0
0.301642440517	-0.546672932524		152.1
0.238874920825	-0.0807233304726		152.2
0.239786802309	-0.137256816058		152.3
0.259617613418	-0.232467618878		152.4
0.279249872382	-0.34143651235		152.5
0.298633444356	-0.464460490261		152.6
0.257708122368	-0.325031616622		152.7
0.277138896203	-0.456992810127		152.8
0.296229518989	-0.603201410846		152.9
0.252719052724	-0.277859146593		153.0
0.272341343993	-0.417204522926		153.1
0.25015400504	-0.238558769744		153.2
0.227724175745	-0.0946193752264		153.3
0.247950255618	-0.22196653651		153.4
0.267843150431	-0.359524182795		153.5
0.287384664235	-0.505859537733		153.6
0.229166390204	-0.290215456065		153.7
0.231495513108	-0.324652626796		153.8
0.251369927845	-0.45164404744		153.9
0.270971294312	-0.582331073378		154.0
0.234437776736	-0.230646195264		154.1
0.254663920409	-0.326903124463		154.2
0.21687729119	-0.127790665144		154.3
0.23727627039	-0.199106670159		154.4
0.257534651512	-0.269537359253		154.5
0.277674985909	-0.338271317509		154.6
0.297719994665	-0.404545191516		154.7
0.317691901879	-0.467620946128		154.8
0.247814923426	0.0618600504318		154.9
0.248239379375	0.0279658397224		155.0
0.268398853923	0.0196375330582		155.1
0.225697751618	-0.00636731158997		155.2
0.245743755922	-0.00297646274816		155.3
0.265738890336	0.0088712215057		155.4
0.285679359113	0.0304669080376		155.5
0.305554885626	0.0633045489943		155.6
0.325346529012	0.109127903883		155.7
0.27657227147	0.127774944928		155.8
0.29614287213	0.203216214642		155.9
0.315496651306	0.298990965273		156.0
0.213812386307	0.0482570667875		156.1
0.233357643189	0.167074426079		156.2
0.252474769207	0.318836988088		156.3
0.270911802418	0.508916363194		156.4
0.28830789731	0.743006598247		156.5
0.249447383535	0.655943834301		156.6
0.18923892766	-1.70744745053		156.7
0.20374440109	-1.91140873289		156.8
0.162578161137	-2.13183172455		156.9
0.176721966856	-2.34175063463		157.0
0.190549894456	-2.55631425021		157.1
0.204054140503	-2.77541209788		157.2
0.243773961446	-1.4749385365		157.3
0.262450738167	-1.59461762239		157.4
0.280954614111	-1.72015597253		157.5
0.249839217248	0.632630081867		157.6
0.270139884087	0.674215824948		157.7
0.290504688771	0.709816496789		157.8
0.22680028892	-0.272266898811		157.9
0.246954020636	-0.327838731725		158.0
0.267030553378	-0.388875124289		158.1
0.287022981264	-0.45515660574		158.2
0.306925444314	-0.526448992391		158.3
0.284901122157	-0.24751979493		158.4
0.305015762273	-0.304063001395		158.5
0.325054935437	-0.364960421235		158.6
0.345015659876	-0.429949598389		158.7
0.266578474896	0.262988982995		158.8
0.286952812082	0.240143133216		158.9
0.307286625215	0.21384572987		159.0
0.231441844045	0.105508052506		159.1
0.251615222886	0.0647816431853		159.2
0.271738391862	0.0213746399222		159.3
0.29181187307	-0.0244750703338		159.4
0.223336408832	-0.199275277964		159.5
0.243191429161	-0.258475596216		159.6
0.262997513253	-0.319436232672		159.7
0.206405051952	-0.0381879889883		159.8
0.226479094297	-0.0725671250645		159.9
0.246522159519	-0.108188923005		160.0
0.266536354623	-0.144878710595		160.1
0.286523922209	-0.182470926786		160.2
0.249261087957	-0.111301083927		160.3
0.26927308369	-0.14195932752		160.4
0.203601632809	0.0225303620802		160.5
0.223672334219	0.00760527760485		160.6
0.243729456584	-0.00753669065883		160.7
0.263774528843	-0.0227748215489		160.8
0.283809036296	-0.0379950286844		160.9
0.222653874905	-0.0332600356211		161.0
0.242677406659	-0.0463910397893		161.1
0.262694287799	-0.0591992700048		161.2
0.282705662069	-0.071594247133		161.3
0.223519844872	-0.0131857478826		161.4
0.225654968729	-0.0146039442806		161.5
0.245667032131	-0.0192435673611		161.6
0.265676137738	-0.0231609657009		161.7
0.226729370279	-0.006388446383		161.8
0.246734732968	-0.00704150661784		161.9
0.266738183779	-0.0067914861631		162.0
0.206184900403	0.0035749944403		162.1
0.226184773591	0.006550399223		162.2
0.246183116654	0.0105666431037		162.3
0.266179966241	0.0156600257716		162.4
0.22709513527	0.0105234535947		162.5
0.228923939014	0.0134827265313		162.6
0.230606128439	0.0162979386379		162.7
0.250599684139	0.0243430104416		162.8
0.270591553173	0.033572823473		162.9
0.23045351329	0.0178382299534		163.0
0.250446712204	0.0273319059969		163.1
0.270438020995	0.0380138746082		163.2
0.29042713331	0.0498747239507		163.3
0.250333787721	0.0312462070126		163.4
0.270325143138	0.0430398415565		163.5
0.290314049212	0.0559520533642		163.6
0.222232959055	0.00472170355699		163.7
0.242231863877	0.0146282235139		163.8
0.262228815344	0.0255439368591		163.9
0.220254365501	0.00710800446924		164.0
0.240253609102	0.0174590604921		164.1
0.260250791278	0.0286592905275		164.2
0.280245764616	0.0406439591059		164.3
0.30023843471	0.053342640729		164.4
0.233788423686	0.0149160701357		164.5
0.235087351866	0.0197974737301		164.6
0.25508630967	0.0297309897666		164.7
0.275083586513	0.0400400915487		164.8
0.295079283507	0.0506256807785		164.9
0.253880250747	0.0267648841917		165.0
0.209664427728	0.00011387382376		165.1
0.229667361677	0.00534184690181		165.2
0.249669385797	0.0103919494456		165.3
0.269670654703	0.015135750743		165.4
0.289671339333	0.0194388322789		165.5
0.309671615847	0.0231607304436		165.6
0.264956016549	0.00796941561355		165.7
0.284956422133	0.00879827855913		165.8
0.304956511631	0.00858763871227		165.9
0.324956278771	0.00717216004678		166.0
0.253390201939	-0.0162738446956		166.1
0.273387226684	-0.022012730747		166.2
0.293382714719	-0.0294910580171		166.3
0.221778871211	-0.0185792006506		166.4
0.224034916401	-0.0224396775041		166.5
0.244028633948	-0.0340491194311		166.6
0.264018617879	-0.0482031828893		166.7
0.246579926134	-0.0445959505927		166.8
0.266565206799	-0.0628861099149		166.9
0.28654246791	-0.0843933903441		167.0
0.223116420655	-0.0302020968786		167.1
0.24310886065	-0.0525290980151		167.2
0.26308995771	-0.0788019663929		167.3
0.283055768779	-0.109272633777		167.4
0.199573097606	-0.0185628479881		167.5
0.219584738832	-0.0473556176722		167.6
0.239578143543	-0.0811321357568		167.7
0.259546952045	-0.12015481912		167.8
0.279483880364	-0.164684488543		167.9
0.261256080766	-0.152218884579		168.0
0.281164798884	-0.203920239074		168.1
0.301020898991	-0.261892792089		168.2
0.320813269452	-0.326370444326		168.3
0.251970193494	-0.0833632454555		168.4
0.271965081833	-0.139328662586		168.5
0.291895880672	-0.202494890855		168.6
0.192346253479	0.147924810422		168.7
0.212616515229	0.104135718559		168.8
0.232842087616	0.052583562729		168.9
0.253007251246	-0.00683841972923		169.0
0.238914148102	-0.147842129333		169.1
0.258794559671	-0.22910786253		169.2
0.27855247803	-0.318300126117		169.3
0.218731336222	-0.208248585552		169.4
0.238606499002	-0.295851487553		169.5
0.258342599141	-0.391216818175		169.6
0.277923946247	-0.494175764642		169.7
0.222746578379	-0.150322941783		169.8
0.242876575451	-0.231380500824		169.9
0.262876044273	-0.319613430936		170.0
0.205129164406	-0.0798175614676		170.1
0.225454817543	-0.152340056459		170.2
0.159389680438	-1.3338220128		170.3
0.177663977556	-1.45718812758		170.4
0.196162790167	-1.22422468644		170.5
0.215191447198	-1.3233116237		170.6
0.234088502122	-1.42826132847		170.7
0.252843159395	-1.53911820408		170.8
0.271444495336	-1.65591018246		170.9
0.223820339861	0.926407066163		171.0
0.243486226035	1.0018358762		171.1
0.263285248845	1.07107551249		171.2
0.189840173661	1.63106197903		171.3
0.210571780559	1.26294095496		171.4
0.230858753203	1.29884763861		171.5
0.251212707999	1.32840845959		171.6
0.271621724646	1.35166687598		171.7
0.253246853476	-0.118296104349		171.8
0.272488675952	-0.219206918519		171.9
0.291588772156	-0.325791375968		172.0
0.2217128432	-0.801773101678		172.1
0.239804755898	-0.939909847321		172.2
0.213535853501	-0.212797929779		172.3
0.23335912742	-0.288030700296		172.4
0.235058430554	-0.271568145844		172.5
0.236610330665	-0.256550364247		172.6
0.25644085544	-0.329982777384		172.7
0.217937921668	-0.092836852692		172.8
0.238028157105	-0.147948039859		172.9
0.258048182193	-0.206839918732		173.0
0.277996659296	-0.269251431635		173.1
0.297873157981	-0.334925492276		173.2
0.317678074277	-0.403610966074		173.3
0.255041825782	-0.11504309286		173.4
0.275091235695	-0.163671982917		173.5
0.295088979856	-0.214684815899		173.6
0.200406744465	0.131830717252		173.7
0.220611266885	0.108567587788		173.8
0.240783633058	0.083476584021		173.9
0.26092488479	0.0567449421648		174.0
0.244115238514	-0.0414143278274		174.1
0.264155122353	-0.0764112960753		174.2
0.284166961215	-0.112541882457		174.3
0.304152784884	-0.149660073356		174.4
0.324114682029	-0.187629271891		174.5
0.235833523593	-0.111510952702		174.6
0.25583239448	-0.141589052865		174.7
0.210848722589	-0.0256813833853		174.8
0.21044845413	-0.00149385935133		174.9
0.23049662755	-0.0161264207035		175.0
0.250534302466	-0.0309777111865		175.1
0.27056270732	-0.045962753926		175.2
0.236880643083	-0.0490795818225		175.3
0.256897371933	-0.0631365081731		175.4
0.276908097767	-0.0771081092165		175.5
0.233139232811	-0.0351739518489		175.6
0.253153052859	-0.0443609223695		175.7
0.273163161121	-0.0532913205591		175.8
0.293170210468	-0.0619171296783		175.9
0.230307641009	0.00906573933887		176.0
0.250317443888	0.0071757268789		176.1
0.270325121257	0.00570772650591		176.2
0.221775649964	0.0480207557584		176.3
0.241779109594	0.0508622112139		176.4
0.261780914479	0.0542073564688		176.5
0.223787065115	0.00485086177881		176.6
0.225885634842	0.00331946205765		176.7
0.227815658357	0.00268668974539		176.8
0.247815980264	0.00360058400082		176.9
0.267815881611	0.00508121437799		177.0
0.22994001005	0.00346216424252		177.1
0.249939351619	0.00578082243846		177.2
0.269938375449	0.00866292978204		177.3
0.289937068633	0.0121009510777		177.4
0.309935407633	0.0160842320375		177.5
0.243726058851	0.00846039481571		177.6
0.263724606515	0.0125865412869		177.7
0.197236936086	0.000892216253216		177.8
0.217236277811	0.00456579919784		177.9
0.237235353967	0.00868669970345		178.0
0.25723412472	0.0132267977838		178.1
0.22029861424	0.00930856315138		178.2
0.240297592658	0.0138354529863		178.3
0.260296252386	0.0186812249453		178.4
0.280294582494	0.0238073174779		178.5
0.265048124609	0.0218891999628		178.6
0.285046498346	0.0269186145805		178.7
0.305044598426	0.0320981727336		178.8
0.234219774675	-0.0023979742893		178.9
0.25422023954	-5.6113774437e-05		179.0
0.274220550355	0.00228525577534		179.1
0.29422072634	0.00457164059509		179.2
0.231270427023	0.00636451514492		179.3
0.232769130075	0.00619410116932		179.4
0.252769163699	0.00772776184274		179.5
0.272769161087	0.00896867176887		179.6
0.292769145766	0.00985272798343		179.7
0.252105457432	0.00145711681592		179.8
0.272105401132	0.000774192630064		179.9
0.226746625109	-0.00501807433808		180.0
0.246746192494	-0.0072359122391		180.1
0.266745524415	-0.0101562586503		180.2
0.286744531313	-0.0138528750282		180.3
0.306743092323	-0.0184009297664		180.4
0.26069655747	-0.0149398868292		180.5
0.280694713868	-0.0207578635719		180.6
0.300691999174	-0.0276606303648		180.7
0.201054504661	0.00342514538926		180.8
0.221055218867	-0.00266393901756		180.9
0.241055074604	-0.0100816698805		181.0
0.261053659001	-0.0189112595617		181.1
0.223202644368	-0.0186890735767		181.2
0.243199674663	-0.0296909568316		181.3
0.263194081593	-0.0423590600443		181.4
0.224843251144	-0.0256603056407		181.5
0.244839602199	-0.0393276725492		181.6
0.264832029243	-0.0549208226413		181.7
0.284819525332	-0.0725266651693		181.8
0.24462920894	-0.0464746223186		181.9
0.26462041475	-0.064911805272		182.0
0.284604846341	-0.0856230704276		182.1
0.304581051977	-0.108694553894		182.2
0.236788155982	-0.0281549996721		182.3
0.256789399561	-0.0483568288479		182.4
0.276782219497	-0.071176535868		182.5
0.183270267096	0.0393760624259		182.6
0.203304612306	0.0227366393273		182.7
0.223332567667	0.00322972662811		182.8
0.243351982568	-0.0192233635189		182.9
0.263360537581	-0.0446990639715		183.0
0.250800964571	-0.0900929135953		183.1
0.270769860961	-0.123130238972		183.2
0.290718909285	-0.15940181581		183.3
0.2481196894	-0.102141587537		183.4
0.268090782699	-0.137725011052		183.5
0.288038771335	-0.176733842493		183.6
0.222399542629	-0.023736476767		183.7
0.242436155567	-0.0543355691824		183.8
0.262452853334	-0.0885274160221		183.9
0.282446105696	-0.126353978528		184.0
0.216642095395	-0.00774732745856		184.1
0.21936942399	-0.0377793976861		184.2
0.239405000823	-0.0737646680631		184.3
0.259414015089	-0.113519819918		184.4
0.279392604877	-0.157061617928		184.5
0.242137121239	-0.122245988124		184.6
0.262118665401	-0.16697510098		184.7
0.282064049384	-0.215518129929		184.8
0.236889937337	-0.0908033358271		184.9
0.23449881408	-0.0610624435207		185.0
0.25455640327	-0.101141838686		185.1
0.27458095166	-0.145019244826		185.2
0.216450307285	-0.0688702899019		185.3
0.219245364129	-0.0884645343252		185.4
0.239295037876	-0.13138346669		185.5
0.259308227065	-0.177995596131		185.6
0.279281503522	-0.228258364227		185.7
0.264438318114	-0.213106859573		185.8
0.284390066145	-0.265491989437		185.9
0.304296862698	-0.32138768045		186.0
0.324155849203	-0.380737053421		186.1
0.254978891615	-0.023922473063		186.2
0.275104811934	-0.0606801707354		186.3
0.295199210495	-0.100768819029		186.4
0.223419316841	0.0760898398687		186.5
0.225739754358	0.0212521434301		186.6
0.245871245471	-0.0144018232542		186.7
0.265972555781	-0.0531513721348		186.8
0.248308119807	-0.0979573628536		186.9
0.268340818605	-0.142894575061		187.0
0.28833744039	-0.190726570996		187.1
0.308296404776	-0.241386059255		187.2
0.328216290893	-0.294805918383		187.3
0.23736248698	-0.0917042119623		187.4
0.257434464893	-0.131015398425		187.5
0.211931540195	0.00306074387001		187.6
0.215121117847	-0.0274749549162		187.7
0.218042738663	-0.051091596292		187.8
0.238145470998	-0.0849077124977		187.9
0.258223144435	-0.121095206236		188.0
0.278274852622	-0.159595151945		188.1
0.219476330144	-0.0657002245888		188.2
0.239576509375	-0.0973933684548		188.3
0.259654522935	-0.131243314189		188.4
0.27970969608	-0.167196292471		188.5
0.299741436684	-0.205199771305		188.6
0.0954533646593	-2.32874787817		188.7
0.108620656643	-2.54380478654		188.8
0.121787948627	-2.75886169491		188.9
0.150999988292	-2.09795476262		189.0
0.169855925182	-2.19320271401		189.1
0.188711862072	-2.28845066541		189.2
0.207567798962	-2.3836986168		189.3
0.241129845436	-1.45178929045		189.4
0.261123233582	-1.45913540466		189.5
0.220246608595	0.714705520092		189.6
0.236972878487	0.871348814016		189.7
0.253699148379	1.02799210794		189.8
0.270425418271	1.18463540186		189.9
0.287151688163	1.34127869579		190.0
0.303877958055	1.49792198971		190.1
0.27812905702	0.179520646596		190.2
0.297625467821	0.243232315153		190.3
0.317121878622	0.306943983709		190.4
0.239000382353	-0.57116462543		190.5
0.241769075417	-0.374004810726		190.6
0.261733996566	-0.357090117855		190.7
0.24407528562	-0.0694659656055		190.8
0.263895895201	-0.031284241601		190.9
0.283716504782	0.00689748240343		191.0
0.303537114363	0.0450792064079		191.1
0.323357723944	0.0832609304123		191.2
0.2751038268	0.115171018527		191.3
0.294929924457	0.152766751325		191.4
0.314756022113	0.190362484123		191.5
0.33458211977	0.227958216921		191.6
0.25832251455	0.0439260733474		191.7
0.278261998548	0.066135548666		191.8
0.298201482546	0.0883450239846		191.9
0.22466422751	-0.0531858500345		192.0
0.226691571789	-0.0259143433328		192.1
0.246675176585	-0.0143478595185		192.2
0.26665878138	-0.00278137570432		192.3
0.248768414363	0.023824345135		192.4
0.268748597351	0.0365401377378		192.5
0.288728780339	0.0492559303406		192.6
0.308708963326	0.0619717229433		192.7
0.241459411367	0.0462469002677		192.8
-0.262204960558	-0.216470630084		192.9
-0.282191641984	-0.226895928908		193.0
-0.302178323409	-0.237321227731		193.1
-0.327284379308	-0.398726905787		193.2
-0.347237558676	-0.418265632838		193.3
-0.367190738045	-0.43780435989		193.4
-0.272922427884	-1.1175047864		193.5
-0.292458977391	-1.17865570931		193.6
-0.19728218989	-2.45989872896		193.7
-0.214193438857	-2.6124348795		193.8
-0.18105732317	-3.20910335311		193.9
-0.142164960001	-3.7615727567		194.0
-0.154948975136	-3.98129844703		194.1
-0.16773299027	-4.20102413735		194.2
-0.180517005405	-4.42074982767		194.3
-0.193301020539	-4.640475518		194.4
0.0795452606268	-5.39957740939		194.5
0.251812056113	-4.49965862879		194.6
0.259712626346	-4.76213544604		194.7
0.267613196579	-5.02461226328		194.8
0.308872067065	-4.6541286042		194.9
0.319549597603	-4.89571787515		195.0
0.385916157076	-2.76589998279		195.1
0.403107452817	-2.91190763617		195.2
0.420298748558	-3.05791528956		195.3
0.437490044299	-3.20392294294		195.4
0.454681340039	-3.34993059632		195.5
0.47187263578	-3.49593824971		195.6
0.421605475918	0.438660380781		195.7
0.441521006504	0.464891852232		195.8
0.46143653709	0.491123323683		195.9
0.304320068496	0.569089668234		196.0
0.324280312869	0.587095589018		196.1
0.344240557241	0.605101509801		196.2
0.364200801613	0.623107430584		196.3
0.358683032819	0.331853243777		196.4
0.378682967674	0.332582489308		196.5
0.398682902528	0.333311734839		196.6
0.264387784286	-0.609783844505		196.7
0.284016969462	-0.664546950883		196.8
0.303646154638	-0.719310057262		196.9
0.323275339814	-0.77407316364		197.0
0.155915242466	-3.15221487199		197.1
0.172372167029	-2.31461516841		197.2
0.187965243405	-2.49461177435		197.3
0.203422450553	-2.67709332189		197.4
0.218739487168	-2.86208276971		197.5
0.23391201349	-3.04960067849		197.6
0.278598424093	-1.48054380756		197.7
0.297969566236	-1.55573169007		197.8
0.3172820489	-1.6342352268		197.9
0.294970766257	0.305150365915		198.0
0.314831002922	0.348507685526		198.1
0.233529933107	0.710213928418		198.2
0.253294954346	0.762644293904		198.3
0.273110852881	0.811513733959		198.4
0.292974865588	0.856780062588		198.5
0.312884068269	0.898405036024		198.6
0.219218235317	-0.688369455662		198.7
0.238431915979	-0.774308626941		198.8
0.257570904822	-0.863856824224		198.9
0.276631484701	-0.957011153579		199.0
0.295610002506	-1.05376305586		199.1
0.265404488326	-0.149193446168		199.2
0.285423547438	-0.183344613912		199.3
0.305414374961	-0.221249153812		199.4
0.325373346155	-0.262886971247		199.5
0.252512393791	0.39352526238		199.6
0.272689933822	0.390607806829		199.7
0.292866534361	0.38400647776		199.8
0.216413159206	0.327613065075		199.9
0.219818913937	0.203849886413		200.0
0.239867439994	0.169893363104		200.1
0.259886939064	0.132461592705		200.2
0.222307774004	-0.0858688481962		200.3
0.2420786729	-0.144414702526		200.4
0.205663251198	-0.0874442363737		200.5
0.225491391831	-0.141795580024		200.6
0.245275314409	-0.199233213258		200.7
0.265013348444	-0.259666737044		200.8
0.284704087345	-0.323002134522		200.9
0.264480302436	-0.210004618453		201.0
0.284273749509	-0.265936916783		201.1
0.304025700532	-0.324501820068		201.2
0.323735483656	-0.385595702494		201.3
0.275126011762	-0.0354957816821		201.4
0.295104655343	-0.0738558854466		201.5
0.315055800716	-0.114475298511		201.6
0.334979011779	-0.157246870808		201.7
0.254153893218	0.217420504882		201.8
0.274242938776	0.198072397371		201.9
0.294316393069	0.176863687729		202.0
0.222009702099	0.00995125518802		202.1
0.241957162684	-0.0270914817383		202.2
0.261883772248	-0.0656677938375		202.3
0.281789964873	-0.105674943336		202.4
0.222790782175	-0.0981999319863		202.5
0.224960490712	-0.104911073323		202.6
0.244879435493	-0.141519528477		202.7
0.264782676302	-0.179171343331		202.8
0.284670996476	-0.217772976065		202.9
0.286721984291	-0.257233133006		203.0
0.245367959607	-0.0658809397546		203.1
0.265352682705	-0.0897451591836		203.2
0.285328708287	-0.114216863125		203.3
0.215368101364	0.125671911325		203.4
0.218264658079	0.0815857005633		203.5
0.238290661031	0.0727071042232		203.6
0.258311971694	0.0635299128767		203.7
0.278329007006	0.0541262880175		203.8
0.218872664616	-0.054180389624		203.9
0.238856647854	-0.0716007058905		204.0
0.258837567349	-0.0890465263296		204.1
0.278815944721	-0.106457192022		204.2
0.220904438806	-0.0170541640749		204.3
0.223236876835	-0.0201082079634		204.4
0.243238368549	-0.0279150398466		204.5
0.263238609486	-0.0354745860466		204.6
0.283237884692	-0.0427413549654		204.7
0.303236452382	-0.0496731212095		204.8
0.244011741679	-0.0118435597911		204.9
0.26401319603	-0.0146885082877		205.0
0.284014190235	-0.0170921603625		205.1
0.232772994504	0.0246403470153		205.2
0.234155248935	0.0182854854082		205.3
0.25415524025	0.019984361882		205.4
0.274154766776	0.0222158485594		205.5
0.294153847995	0.0249931705418		205.6
0.254762025001	0.00529535051959		205.7
0.274761467022	0.00750825106121		205.8
0.294760664322	0.010282093141		205.9
0.225285861326	-0.00481221357089		206.0
0.245285539446	-0.00230502398846		206.1
0.265285037114	0.000739268203373		206.2
0.285284303158	0.00430360220999		206.3
0.225191652436	0.0106545003239		206.4
0.227175823864	0.0118772256595		206.5
0.247174297095	0.016693483201		206.6
0.267172384287	0.0219133741236		206.7
0.287170064693	0.0274952710756		206.8
0.24801247011	0.0148031084695		206.9
0.268011215661	0.0195559252385		207.0
0.288009656834	0.02451431427		207.1
0.262067785647	0.00812563333622		207.2
0.282067401278	0.0117295534362		207.3
0.210855304074	-0.010847709963		207.4
0.230855876199	-0.00939527170888		207.5
0.250856292004	-0.00810887023851		207.6
0.270856572043	-0.00708030778615		207.7
0.290856738874	-0.00640742875377		207.8
0.227382784255	0.00550136930984		207.9
0.247382753535	0.00603019042537		208.0
0.204533209462	0.00441267977049		208.1
0.224533236776	0.00328420589161		208.2
0.244533222979	0.00121689674205		208.3
0.244970386702	-0.00235117581699		208.4
0.264969870388	-0.00674580312737		208.5
0.284968766666	-0.012507586201		208.6
0.265772071474	-0.0179416704121		208.7
0.285768871238	-0.0267793019813		208.8
0.305763651581	-0.0374737528638		208.9
0.232858607683	-0.0174733694633		209.0
0.252855239793	-0.0298698894665		209.1
0.272848253445	-0.04467550403		209.2
0.292836226956	-0.0620878803772		209.3
0.312817424658	-0.082311277694		209.4
0.267929535558	-0.0653219077118		209.5
0.287907582752	-0.0890319212515		209.6
0.307873682114	-0.116204332831		209.7
0.233891341916	-0.0134911000729		209.8
0.235188722844	-0.0336763945139		209.9
0.255183508787	-0.0621769867051		210.0
0.275160998005	-0.0950869539707		210.1
0.295116016198	-0.132649464151		210.2
0.230546309735	-0.0666956055483		210.3
0.250529712762	-0.105651143894		210.4
0.270481840724	-0.150001622212		210.5
0.290394729398	-0.199985622961		210.6
0.227478979968	-0.0683292377373		210.7
0.22933665778	-0.0930249674085		210.8
0.249322272288	-0.144495798476		210.9
0.211384708831	-0.0778228515971		211.0
0.23141023025	-0.131694241519		211.1
0.25137627122	-0.192507285283		211.2
0.271269685523	-0.260412144393		211.3
0.291076550598	-0.335532292738		211.4
0.230286129222	-0.108045728233		211.5
0.250339697977	-0.173697923663		211.6
0.270306344952	-0.246879653637		211.7
0.290170685743	-0.32759934977		211.8
0.228154615672	-0.108175833413		211.9
0.230139222897	-0.143977084714		212.0
0.25020896738	-0.219725933173		212.1
0.270166164281	-0.302856365548		212.2
0.232719035923	-0.185155672963		212.3
0.252773402558	-0.265972421183		212.4
0.272703674844	-0.353713631129		212.5
0.292498103492	-0.448141191496		212.6
0.25368255404	-0.239001879186		212.7
0.273714785728	-0.323268508051		212.8
0.293618115428	-0.413560377523		212.9
0.313385126815	-0.509587193843		213.0
0.271678759075	-0.2201684022		213.1
0.291763565765	-0.300589563432		213.2
0.311730684243	-0.386041643933		213.3
0.234618675295	0.194595712054		213.4
0.236568406295	0.0833716341641		213.5
0.25698419676	0.0277474742672		213.6
0.277317714201	-0.0320692975381		213.7
0.25799099701	-0.139255360835		213.8
0.278100794864	-0.20996601902		213.9
0.298121694643	-0.284193482468		214.0
0.318053890544	-0.361743661449		214.1
0.25020705147	-0.258014467159		214.2
0.2702244857	-0.32792567116		214.3
-0.0356866383992	3.79668119553		214.4
-0.0357489382556	4.08239409507		214.5
-0.0892760566128	4.47153747956		214.6
-0.0882999777952	4.75691130176		214.7
-0.0873238989775	5.04228512396		214.8
0.226822489157	4.49429886819		214.9
0.241637964647	4.68622874803		215.0
0.256453440138	4.87815862787		215.1
0.271268915628	5.0700885077		215.2
0.286084391119	5.26201838754		215.3
0.383256044159	3.17243447068		215.4
0.402556133424	3.24735831549		215.5
0.376639739264	-0.299765508846		215.6
0.395336578645	-0.401212385654		215.7
0.414033418025	-0.502659262461		215.8
0.432730257405	-0.604106139269		215.9
0.356555779515	0.0669500999914		216.0
0.347533107844	-0.0292901004426		216.1
0.36701087423	-0.0941551355412		216.2
0.386488640616	-0.15902017064		216.3
0.405966407002	-0.223885205739		216.4
0.337787117904	-0.145841007185		216.5
0.357385352318	-0.20282150486		216.6
0.376983586731	-0.259802002535		216.7
0.396581821145	-0.31678250021		216.8
0.298867839941	0.0296986557156		216.9
0.31872983536	-0.00380777987135		217.0
0.338591830778	-0.0373142154583		217.1
0.214879014538	0.236310031135		217.2
0.234857541751	0.223073945555		217.3
0.254836068964	0.209837859975		217.4
0.274814596176	0.196601774395		217.5
0.255919024111	0.0186643614776		217.6
0.275838735229	-0.00691109299996		217.7
0.295758446347	-0.0324865474775		217.8
0.225655490223	-0.20384089692		217.9
0.245499407017	-0.239466404433		218.0
0.265343323812	-0.275091911946		218.1
0.285187240606	-0.310717419458		218.2
0.196047763783	0.0353086000538		218.3
0.216047096839	0.032975286846		218.4
0.236046429895	0.0306419736382		218.5
0.256045762951	0.0283086604305		218.6
0.276045096007	0.0259753472227		218.7
0.240996891346	-0.0114154200555		218.8
0.260993796427	-0.0164416208975		218.9
0.195061289088	-0.0302093887777		219.0
